attempt,thread_1_round_trip_nano,thread_2_round_trip_nano
0,115149,1053
1,5413,5708
2,5315,5193
3,5413,5389
4,5462,5487
5,5389,5413
6,5487,5487
7,5462,5389
8,5389,5487
9,5291,5340
10,5242,5217
11,5316,5291
12,5267,5291
13,5389,5291
14,5169,5364
15,5340,5193
16,5389,5291
17,5585,5560
18,6565,6393
19,5732,6124
20,6883,6884
21,5560,5487
22,5291,5340
23,5340,5340
24,5438,5340
25,5218,5340
26,5340,5315
27,5242,5217
28,5291,5315
29,5242,5266
30,5291,5266
31,5315,5291
32,5438,5291
33,5291,5462
34,5487,5462
35,5438,5462
36,5315,5291
37,5291,5291
38,5267,5266
39,5316,5291
40,5438,5340
41,5266,5364
42,5315,5315
43,5242,5242
44,5659,5463
45,5267,5463
46,5463,5365
47,5561,5512
48,6075,5781
49,5536,5977
50,5218,5193
51,5291,5291
52,5266,5316
53,5242,5242
54,5267,5217
55,5316,5315
56,5340,5315
57,5340,5389
58,5242,5267
59,5193,5218
60,5242,5193
61,5242,5291
62,5193,5218
63,5291,5193
64,5414,5340
65,5316,5389
66,5267,5315
67,5267,5266
68,5267,5242
69,5218,5242
70,5340,5291
71,5168,5218
72,5438,5291
73,5291,5438
74,5193,5218
75,5315,5291
76,5266,5242
77,5315,5340
78,5316,5267
79,5267,5266
80,5438,5389
81,5389,5389
82,5364,5364
83,5438,5438
84,5487,5462
85,5413,5438
86,5462,5413
87,5462,5463
88,5487,5438
89,5512,5536
90,5414,5463
91,5438,5389
92,5487,5463
93,5463,5487
94,5463,5462
95,5463,5462
96,5511,5512
97,5413,5414
98,5438,5414
99,5487,5487
100,5438,5414
101,5585,5463
102,5438,5585
103,5438,5414
104,5413,5389
105,5560,5487
106,5609,5610
107,5658,5585
108,5683,5683
109,5659,5609
110,5634,5659
111,5585,5536
112,5732,5658
113,5683,5708
114,5781,5781
115,5708,5585
116,5879,5855
117,5903,5854
118,5854,5879
119,5805,5708
120,5854,5830
121,5854,5879
122,5854,5781
123,5879,5879
124,5830,5805
125,5806,5806
126,5830,5757
127,5928,5855
128,5756,5781
129,5854,5781
130,5830,5830
131,5855,5830
132,5879,5781
133,5903,5879
134,5830,5855
135,5879,5805
136,5879,5855
137,5806,5806
138,5806,5756
139,5953,5879
140,5879,5854
141,5903,5879
142,5928,5903
143,6148,6100
144,5854,5805
145,5830,5879
146,5928,5830
147,5904,5879
148,5855,5854
149,5879,5854
150,5854,5830
151,5854,5855
152,5854,5806
153,5830,5806
154,5855,5830
155,5805,5830
156,5830,5757
157,5879,5855
158,5805,5757
159,5830,5855
160,5855,5781
161,5855,5830
162,5879,5855
163,5953,5879
164,5904,5928
165,5855,5806
166,5928,5903
167,5855,5854
168,5854,5805
169,5879,5830
170,5879,5854
171,5805,5756
172,5830,5830
173,5854,5830
174,5903,5830
175,5879,5879
176,5854,5855
177,5879,5830
178,5903,5830
179,5879,5879
180,5879,5806
181,5830,5855
182,5830,5805
183,5879,5781
184,5855,5879
185,5854,5830
186,5781,5707
187,5904,5879
188,5904,5879
189,5830,5903
190,5904,5806
191,5904,5879
192,5854,5879
193,5879,5854
194,5879,5805
195,5855,5830
196,5854,5879
197,5806,5781
198,5903,5903
199,5977,5953
200,5977,5953
201,5928,5854
202,5855,5805
203,5830,5805
204,5903,5854
205,5855,5855
206,5854,5855
207,5854,5805
208,5879,5879
209,5756,5756
210,5781,5756
211,5707,5708
212,5683,5658
213,5732,5732
214,5683,5683
215,5732,5683
216,5658,5683
217,5634,5610
218,5634,5609
219,5585,5585
220,5609,5561
221,5658,5707
222,5536,5511
223,5585,5536
224,5609,5610
225,5634,5560
226,5610,5634
227,5634,5610
228,5610,5560
229,5634,5610
230,5585,5585
231,5609,5609
232,5561,5610
233,5609,5560
234,5609,5585
235,5609,5585
236,5634,5536
237,5634,5659
238,5634,5609
239,5585,5585
240,5634,5610
241,5634,5609
242,5609,5561
243,5658,5658
244,5609,5610
245,5610,5609
246,5609,5610
247,5634,5560
248,5610,5610
249,5609,5658
250,5610,5536
251,5610,5610
252,5634,5634
253,5609,5585
254,5609,5585
255,5634,5609
256,5560,5536
257,5585,5610
258,5585,5511
259,5560,5634
260,5610,5561
261,5683,5658
262,5585,5585
263,5609,5560
264,5585,5634
265,5560,5512
266,5634,5585
267,5560,5585
268,5658,5609
269,5585,5561
270,5634,5609
271,5585,5610
272,5585,5585
273,5634,5609
274,5658,5634
275,5585,5585
276,5609,5560
277,5585,5585
278,5634,5610
279,5634,5634
280,5634,5560
281,5609,5634
282,5609,5585
283,5634,5634
284,5634,5609
285,5560,5512
286,5536,5609
287,5610,5561
288,5610,5560
289,5585,5585
290,5560,5561
291,5683,5609
292,5609,5610
293,5658,5634
294,5610,5658
295,5634,5536
296,5585,5561
297,5610,5658
298,5560,5536
299,5659,5634
300,5536,5561
301,5610,5560
302,5610,5560
303,5560,5561
304,5634,5634
305,5585,5609
306,5659,5585
307,5634,5561
308,5560,5634
309,5634,5585
310,5585,5560
311,5560,5610
312,5634,5536
313,5610,5609
314,5561,5512
315,5536,5560
316,5658,5634
317,5585,5536
318,5634,5610
319,5634,5658
320,5707,5585
321,5585,5659
322,5585,5609
323,5585,5536
324,5634,5659
325,5634,5536
326,5585,5609
327,5585,5561
328,5634,5560
329,5585,5610
330,5634,5585
331,5658,5585
332,5585,5658
333,5634,5610
334,5585,5560
335,5610,5585
336,5634,5512
337,5560,5634
338,5585,5610
339,5610,5560
340,5585,5634
341,5634,5511
342,5609,5634
343,5683,5634
344,5634,5610
345,5561,5585
346,5634,5609
347,5560,5536
348,5610,5659
349,5634,5609
350,5610,5511
351,5560,5609
352,5659,5585
353,5634,5634
354,5536,5536
355,5560,5561
356,5561,5536
357,5585,5585
358,5585,5536
359,5585,5634
360,5659,5536
361,5609,5634
362,5561,5610
363,5634,5609
364,5609,5561
365,5561,5585
366,5560,5536
367,5609,5609
368,5609,5512
369,5609,5658
370,5683,5610
371,5634,5609
372,5609,5610
373,5609,5634
374,5536,5511
375,5609,5536
376,5658,5634
377,5585,5634
378,5634,5585
379,5707,5634
380,5634,5610
381,5659,5658
382,5683,5585
383,5609,5609
384,5658,5610
385,5658,5683
386,5609,5561
387,5536,5536
388,5609,5560
389,5609,5634
390,5609,5561
391,5560,5560
392,5610,5561
393,5683,5634
394,5609,5609
395,5609,5659
396,5585,5585
397,5536,5536
398,5561,5511
399,5683,5683
400,5658,5634
401,5683,5659
402,5561,5560
403,5610,5610
404,5683,5610
405,5634,5609
406,5585,5610
407,5610,5585
408,5634,5536
409,5560,5585
410,5609,5585
411,5609,5585
412,5560,5487
413,5560,5634
414,5634,5560
415,5634,5585
416,5634,5561
417,5610,5659
418,5536,5560
419,5585,5585
420,5609,5561
421,5560,5560
422,5634,5585
423,5609,5585
424,5683,5659
425,5560,5585
426,5609,5560
427,5536,5585
428,5561,5585
429,5634,5561
430,5561,5585
431,5536,5536
432,5634,5585
433,5634,5609
434,5536,5462
435,5561,5610
436,5634,5634
437,5610,5536
438,5561,5585
439,5634,5560
440,5634,5610
441,5634,5634
442,5609,5585
443,5609,5610
444,5609,5585
445,5610,5609
446,5585,5610
447,5561,5536
448,5683,5585
449,5560,5634
450,5610,5560
451,5658,5634
452,5609,5585
453,5658,5683
454,5560,5561
455,5560,5487
456,5609,5585
457,5609,5609
458,5561,5512
459,5585,5609
460,5634,5634
461,5585,5536
462,5585,5585
463,5585,5561
464,5585,5609
465,5634,5585
466,5634,5585
467,5561,5634
468,5658,5634
469,5634,5560
470,5560,5585
471,5634,5634
472,5732,5658
473,5609,5610
474,5585,5560
475,5634,5610
476,5610,5609
477,5585,5536
478,5610,5610
479,5708,5659
480,5634,5634
481,5585,5658
482,5561,5512
483,5634,5560
484,5609,5610
485,5585,5560
486,5536,5585
487,5610,5536
488,5634,5585
489,5585,5610
490,5634,5585
491,5585,5585
492,5610,5560
493,5585,5585
494,5609,5585
495,5634,5609
496,5610,5536
497,5609,5659
498,5634,5634
499,5683,5634
500,5634,5609
501,5585,5610
502,5610,5560
503,5609,5634
504,5659,5585
505,5512,5610
506,5659,5560
507,5708,5634
508,5732,5732
509,5683,5683
510,5879,5708
511,5879,5904
512,5928,5903
513,5903,5879
514,5854,5806
515,5855,5879
516,5805,5732
517,5904,5904
518,5879,5855
519,5854,5781
520,5854,5805
521,5830,5879
522,5855,5830
523,5879,5805
524,5928,5928
525,5830,5854
526,5879,5830
527,5879,5830
528,5903,5879
529,5879,5854
530,5806,5830
531,5879,5855
532,5781,5781
533,5830,5806
534,5879,5854
535,5854,5805
536,5830,5830
537,5904,5855
538,5854,5903
539,5928,5879
540,5830,5805
541,5879,5855
542,5805,5805
543,5855,5830
544,5904,5805
545,5806,5854
546,5904,5830
547,5879,5806
548,5879,5879
549,5928,5904
550,5879,5830
551,5830,5806
552,5830,5830
553,5830,5855
554,5854,5757
555,5855,5879
556,5855,5781
557,5904,5879
558,5855,5879
559,5928,5855
560,5879,5830
561,5855,5806
562,5781,5830
563,5903,5879
564,5855,5806
565,5928,5855
566,5830,5830
567,5830,5757
568,5903,5903
569,5854,5879
570,5830,5756
571,5855,5781
572,5904,5904
573,5879,5854
574,5854,5781
575,5830,5830
576,5879,5806
577,5879,5854
578,5855,5830
579,5855,5854
580,5757,5708
581,5781,5757
582,5854,5805
583,5854,5781
584,5879,5830
585,5830,5879
586,5879,5781
587,5806,5781
588,5879,5855
589,5879,5879
590,5855,5781
591,5879,5805
592,5756,5756
593,5854,5806
594,5781,5781
595,5830,5757
596,5854,5830
597,5854,5806
598,5805,5830
599,5879,5805
600,5855,5805
601,5904,5756
602,5830,5928
603,5854,5830
604,5879,5855
605,5855,5830
606,5855,5757
607,5806,5781
608,5830,5805
609,5830,5756
610,5855,5805
611,5806,5781
612,5855,5805
613,5806,5805
614,5830,5757
615,5830,5854
616,5879,5781
617,5855,5855
618,5806,5805
619,5879,5830
620,5830,5806
621,5830,5781
622,5879,5855
623,5830,5805
624,5855,5855
625,5830,5756
626,5854,5781
627,5781,5781
628,5855,5854
629,5806,5732
630,5854,5830
631,5830,5806
632,5781,5756
633,5854,5806
634,5781,5781
635,5854,5830
636,5879,5806
637,5855,5879
638,5855,5830
639,5855,5781
640,5879,5806
641,5879,5879
642,5805,5756
643,5879,5854
644,5879,5855
645,5805,5805
646,5928,5855
647,5806,5830
648,5855,5830
649,5879,5806
650,5830,5781
651,5879,5855
652,5805,5806
653,5854,5805
654,5879,5805
655,5757,5732
656,5830,5805
657,5879,5830
658,5855,5855
659,5879,5806
660,5830,5781
661,5806,5830
662,5806,5781
663,5830,5806
664,5854,5757
665,5756,5756
666,5854,5805
667,5830,5806
668,5855,5806
669,5879,5830
670,5879,5830
671,5830,5855
672,5879,5854
673,5928,5805
674,5830,5855
675,5855,5805
676,5805,5781
677,5830,5830
678,5854,5805
679,5805,5806
680,5805,5732
681,5854,5855
682,5781,5732
683,5879,5854
684,5805,5781
685,5904,5854
686,5855,5855
687,5855,5854
688,5830,5732
689,5854,5781
690,5879,5830
691,5830,5855
692,5805,5781
693,5854,5781
694,5805,5805
695,5756,5781
696,5879,5806
697,5879,5830
698,5854,5781
699,5805,5781
700,5879,5879
701,5806,5781
702,5830,5805
703,5855,5855
704,5806,5781
705,5781,5756
706,5854,5805
707,5854,5756
708,5854,5830
709,5830,5830
710,5855,5830
711,5855,5805
712,5928,5854
713,5854,5879
714,5805,5781
715,5903,5830
716,5854,5854
717,5854,5830
718,5854,5806
719,5830,5830
720,5903,5879
721,6050,5977
722,5781,5708
723,5806,5708
724,5904,5781
725,5708,5854
726,5683,5659
727,5732,5683
728,5683,5634
729,5585,5659
730,5463,5463
731,5413,5463
732,5438,5487
733,5487,5462
734,5413,5413
735,5413,5413
736,5462,5438
737,5413,5413
738,5438,5438
739,5414,5438
740,5438,5389
741,5389,5389
742,5536,5536
743,5487,5438
744,5438,5487
745,5414,5414
746,5536,5487
747,5487,5487
748,5438,5462
749,5340,5340
750,5414,5389
751,5511,5561
752,5364,5340
753,5438,5438
754,5389,5414
755,5389,5340
756,5340,5413
757,5487,5487
758,5438,5414
759,5364,5389
760,5413,5389
761,5315,5291
762,5364,5365
763,5364,5389
764,5364,5315
765,5242,5340
766,5315,5291
767,5291,5340
768,5316,5291
769,5340,5315
770,5217,5242
771,5266,5291
772,5217,5217
773,5168,5217
774,5266,5193
775,5291,5267
776,5218,5267
777,5316,5291
778,5120,5168
779,5291,5266
780,5193,5168
781,5242,5315
782,5218,5168
783,5267,5291
784,5315,5316
785,5193,5144
786,5316,5364
787,5218,5242
788,5242,5267
789,5193,5144
790,5291,5315
791,5242,5266
792,5291,5266
793,5267,5266
794,5267,5266
795,5169,5193
796,5291,5267
797,5315,5316
798,5291,5267
799,5291,5291
800,5266,5291
801,5193,5242
802,5242,5217
803,5242,5242
804,5242,5267
805,5291,5291
806,5217,5193
807,5266,5291
808,5291,5266
809,5267,5266
810,5218,5242
811,5242,5218
812,5266,5291
813,5315,5266
814,5242,5315
815,5316,5291
816,5169,5169
817,5316,5267
818,5291,5316
819,5266,5218
820,5364,5413
821,5217,5217
822,5291,5291
823,5291,5291
824,5267,5291
825,5193,5193
826,5291,5242
827,5169,5169
828,5291,5340
829,5217,5193
830,5242,5267
831,5218,5218
832,5291,5218
833,5168,5267
834,5291,5218
835,5193,5267
836,5340,5267
837,5193,5218
838,5266,5242
839,5266,5291
840,5291,5217
841,5340,5413
842,5242,5168
843,5267,5340
844,5316,5291
845,5291,5266
846,5217,5266
847,5291,5266
848,5291,5291
849,5266,5291
850,5193,5168
851,5242,5266
852,5193,5168
853,5218,5242
854,5193,5242
855,19623,5193
856,6810,21143
857,5365,5365
858,5267,5267
859,5389,5365
860,6124,6247
861,5340,5291
862,5291,5266
863,5291,5291
864,5266,5316
865,5242,5218
866,5609,5438
867,5193,5340
868,5340,5365
869,5266,5193
870,5315,5389
871,5340,5267
872,5315,5316
873,5364,5487
874,5266,5242
875,5438,5389
876,5266,5340
877,5462,5389
878,5217,5315
879,5291,5291
880,5169,5144
881,5536,5560
882,6295,5781
883,6344,6369
884,5438,5781
885,5487,5463
886,5291,5364
887,5365,5414
888,5120,5169
889,5414,5316
890,5365,5389
891,5242,5217
892,5340,5365
893,5242,5193
894,5291,5315
895,5536,5242
896,5364,5561
897,5266,5340
898,5462,5462
899,5340,5242
900,5585,5659
901,5413,5389
902,5413,5462
903,5438,5438
904,5218,5218
905,5242,5291
906,5217,5242
907,5315,5242
908,5242,5266
909,5218,5193
910,5267,5291
911,5267,5267
912,5316,5267
913,5340,5389
914,5266,5242
915,5193,5168
916,5242,5266
917,5193,5217
918,5266,5242
919,5217,5242
920,5340,5291
921,5193,5242
922,5340,5267
923,5242,5242
924,5266,5315
925,5658,5217
926,5217,5658
927,5340,5315
928,5389,5315
929,5364,5389
930,5315,5389
931,5242,5193
932,5193,5242
933,5364,5315
934,5291,5315
935,5291,5291
936,5168,5242
937,5266,5242
938,5364,5340
939,5217,5218
940,5316,5365
941,5193,5193
942,5267,5266
943,5218,5242
944,5291,5291
945,5266,5266
946,5413,5291
947,5144,5291
948,5316,5266
949,5218,5217
950,5291,5266
951,5266,5291
952,5315,5242
953,5291,5340
954,5414,5340
955,5291,5340
956,5389,5364
957,5242,5267
958,5266,5267
959,5364,5340
960,5315,5266
961,5340,5389
962,5267,5291
963,5217,5242
964,5340,5267
965,5316,5389
966,5267,5266
967,5291,5266
968,5364,5340
969,5315,5316
970,5315,5340
971,5168,5217
972,5291,5266
973,5218,5193
974,5291,5291
975,5291,5266
976,5316,5340
977,5193,5242
978,5266,5242
979,5242,5267
980,5242,5218
981,5291,5316
982,5242,5242
983,5340,5315
984,6173,5756
985,7374,5879
986,6247,8035
987,5291,5413
988,5217,5266
989,5291,5266
990,5291,5267
991,5266,5291
992,5462,5364
993,5193,5242
994,5267,5316
995,5267,5242
996,5316,5266
997,5242,5291
998,5242,5267
999,5217,5267
1000,5340,5242
1001,5242,5315
1002,5364,5340
1003,5242,5242
1004,5267,5291
1005,5242,5218
1006,5266,5267
1007,5315,5316
1008,5315,5242
1009,5266,5340
1010,5217,5217
1011,5291,5242
1012,5267,5291
1013,5291,5266
1014,5193,5242
1015,5267,5267
1016,5291,5218
1017,5267,5340
1018,5193,5193
1019,5242,5218
1020,5291,5340
1021,5316,5291
1022,5242,5291
1023,5291,5315
1024,5291,5193
1025,5291,5340
1026,5389,5389
1027,5267,5242
1028,5267,5315
1029,5218,5242
1030,5316,5267
1031,5193,5242
1032,5291,5193
1033,5218,5340
1034,5291,5217
1035,5340,5364
1036,5291,5315
1037,5291,5291
1038,5291,5267
1039,5365,5365
1040,5340,5291
1041,5242,5315
1042,5291,5291
1043,5242,5193
1044,5267,5291
1045,5316,5291
1046,5291,5291
1047,5364,5413
1048,5340,5242
1049,5193,5316
1050,5242,5242
1051,5242,5217
1052,5340,5364
1053,5315,5242
1054,5266,5316
1055,5217,5242
1056,5364,5291
1057,5217,5291
1058,5242,5217
1059,5291,5291
1060,5316,5389
1061,5291,5242
1062,5242,5267
1063,5267,5218
1064,5340,5291
1065,5242,5291
1066,5267,5266
1067,5193,5266
1068,5291,5266
1069,5316,5315
1070,5291,5266
1071,5267,5340
1072,5291,5193
1073,5266,5364
1074,5217,5193
1075,5242,5242
1076,5169,5193
1077,5267,5218
1078,5242,5291
1079,5291,5242
1080,5365,5316
1081,5316,5389
1082,5340,5315
1083,5266,5242
1084,5291,5365
1085,5291,5242
1086,5291,5340
1087,5267,5267
1088,5291,5242
1089,5242,5291
1090,5242,5218
1091,5193,5218
1092,5365,5340
1093,5242,5193
1094,5340,5389
1095,5316,5315
1096,5291,5217
1097,5291,5364
1098,5291,5266
1099,5291,5340
1100,5291,5267
1101,5266,5242
1102,5217,5266
1103,5291,5291
1104,5291,5242
1105,5291,5315
1106,5242,5217
1107,5266,5291
1108,5266,5267
1109,5266,5267
1110,5242,5267
1111,5316,5267
1112,5316,5291
1113,5340,5413
1114,5291,5266
1115,5291,5242
1116,5340,5365
1117,5193,5218
1118,5266,5291
1119,5242,5193
1120,5267,5267
1121,5193,5242
1122,5266,5242
1123,5193,5242
1124,5340,5242
1125,5242,5267
1126,5242,5291
1127,5315,5291
1128,5266,5267
1129,5315,5316
1130,5217,5193
1131,5266,5315
1132,5291,5242
1133,5217,5291
1134,5242,5266
1135,5340,5291
1136,5218,5291
1137,5389,5340
1138,5217,5218
1139,5316,5316
1140,5193,5169
1141,5266,5291
1142,5144,5193
1143,5267,5217
1144,5267,5291
1145,5291,5218
1146,5291,5315
1147,5267,5266
1148,5291,5291
1149,5242,5267
1150,5364,5389
1151,5242,5217
1152,5267,5291
1153,5340,5316
1154,5242,5242
1155,5193,5266
1156,5267,5217
1157,5193,5242
1158,5340,5316
1159,5291,5242
1160,5242,5315
1161,5340,5315
1162,5218,5242
1163,5315,5316
1164,5242,5193
1165,5242,5267
1166,5291,5291
1167,5266,5266
1168,5193,5242
1169,5291,5218
1170,5266,5291
1171,5291,5291
1172,5267,5217
1173,5267,5315
1174,5291,5291
1175,5242,5267
1176,5193,5242
1177,5340,5242
1178,5291,5365
1179,5291,5242
1180,5266,5291
1181,5266,5291
1182,5218,5217
1183,5218,5218
1184,5365,5365
1185,5218,5193
1186,5340,5315
1187,5242,5242
1188,5242,5267
1189,5168,5242
1190,5291,5217
1191,5217,5266
1192,5340,5291
1193,5316,5316
1194,5242,5291
1195,5315,5266
1196,5291,5266
1197,5267,5340
1198,5193,5144
1199,5291,5340
1200,5291,5267
1201,5267,5267
1202,5242,5316
1203,5364,5316
1204,5193,5218
1205,5242,5242
1206,5217,5168
1207,5217,5266
1208,5266,5266
1209,5217,5217
1210,5193,5217
1211,5267,5217
1212,5316,5340
1213,5291,5316
1214,5266,5193
1215,5242,5266
1216,5316,5315
1217,5242,5217
1218,5266,5315
1219,5242,5193
1220,5267,5267
1221,5267,5267
1222,5291,5316
1223,5144,5193
1224,5242,5193
1225,5193,5218
1226,5291,5267
1227,5267,5242
1228,5291,5340
1229,5291,5266
1230,5242,5242
1231,5291,5242
1232,5316,5340
1233,5316,5315
1234,5291,5291
1235,5266,5267
1236,5266,5267
1237,5266,5267
1238,5217,5267
1239,5315,5242
1240,5242,5242
1241,5316,5315
1242,5291,5266
1243,5291,5291
1244,5193,5242
1245,5242,5193
1246,5316,5365
1247,5316,5267
1248,5315,5340
1249,5242,5242
1250,5316,5316
1251,5267,5267
1252,5291,5316
1253,5266,5267
1254,5242,5267
1255,5242,5242
1256,5242,5217
1257,5144,5242
1258,5242,5169
1259,5242,5291
1260,5315,5315
1261,5242,5217
1262,5242,5266
1263,5291,5291
1264,5242,5218
1265,5316,5340
1266,5267,5218
1267,5291,5340
1268,5267,5266
1269,5242,5242
1270,5242,5291
1271,5267,5193
1272,5169,5242
1273,5267,5193
1274,5169,5193
1275,5291,5291
1276,5340,5316
1277,5193,5242
1278,5193,5193
1279,5242,5217
1280,5267,5291
1281,5316,5267
1282,5267,5267
1283,5242,5267
1284,5266,5267
1285,5168,5218
1286,5267,5218
1287,5316,5291
1288,5291,5340
1289,5291,5291
1290,5291,5242
1291,5168,5242
1292,5266,5242
1293,5119,5193
1294,5291,5217
1295,5218,5217
1296,5218,5217
1297,5242,5242
1298,5266,5291
1299,5291,5266
1300,5267,5217
1301,5193,5291
1302,5291,5242
1303,5242,5291
1304,5732,5267
1305,5316,5708
1306,5193,5193
1307,5291,5315
1308,5242,5242
1309,5291,5267
1310,5365,5340
1311,5267,5266
1312,5267,5340
1313,5291,5242
1314,5291,5291
1315,5242,5291
1316,5266,5217
1317,5242,5267
1318,5340,5316
1319,5267,5267
1320,5267,5267
1321,5193,5218
1322,5291,5267
1323,5316,5316
1324,5291,5291
1325,5340,5340
1326,5389,5340
1327,5267,5315
1328,5340,5315
1329,5364,5340
1330,5266,5242
1331,5291,5340
1332,5242,5217
1333,5291,5291
1334,5267,5267
1335,5316,5316
1336,5267,5267
1337,5316,5316
1338,5291,5291
1339,5315,5315
1340,5291,5291
1341,5267,5291
1342,5365,5315
1343,5291,5291
1344,5291,5316
1345,5193,5193
1346,5291,5315
1347,5242,5217
1348,5266,5242
1349,5291,5291
1350,5291,5316
1351,5242,5242
1352,5389,5315
1353,5242,5291
1354,5291,5291
1355,5340,5364
1356,5218,5193
1357,5365,5365
1358,5316,5291
1359,5291,5340
1360,5266,5242
1361,5315,5315
1362,5242,5266
1363,5315,5291
1364,5168,5218
1365,5266,5242
1366,5267,5266
1367,5316,5315
1368,5291,5291
1369,5315,5365
1370,5291,5291
1371,5340,5315
1372,5266,5266
1373,5266,5291
1374,5266,5267
1375,5193,5218
1376,5389,5291
1377,5217,5266
1378,5315,5267
1379,5291,5340
1380,5291,5242
1381,5242,5291
1382,5316,5291
1383,5267,5291
1384,5291,5291
1385,5291,5291
1386,5315,5291
1387,5364,5365
1388,5242,5291
1389,5267,5266
1390,5365,5340
1391,5267,5242
1392,5291,5266
1393,5315,5364
1394,5242,5242
1395,5315,5340
1396,5291,5315
1397,5242,5242
1398,5315,5316
1399,5267,5242
1400,5365,5340
1401,5242,5267
1402,5291,5340
1403,5340,5340
1404,5315,5267
1405,5168,5218
1406,5266,5218
1407,5217,5267
1408,5389,5316
1409,5267,5316
1410,5242,5267
1411,5291,5291
1412,5242,5217
1413,5291,5315
1414,5340,5291
1415,5291,5316
1416,5267,5217
1417,5340,5364
1418,5169,5217
1419,5291,5291
1420,5168,5169
1421,5266,5242
1422,5193,5217
1423,5316,5266
1424,5291,5266
1425,5291,5315
1426,5291,5340
1427,5315,5291
1428,5291,5291
1429,5242,5242
1430,5315,5340
1431,5315,5291
1432,5413,5340
1433,5217,5291
1434,5291,5291
1435,5267,5242
1436,5267,5242
1437,5291,5315
1438,5315,5291
1439,5242,5267
1440,5340,5315
1441,5291,5315
1442,5340,5266
1443,5266,5315
1444,5242,5242
1445,5267,5291
1446,5291,5266
1447,5267,5291
1448,5193,5218
1449,5266,5242
1450,5266,5291
1451,5315,5267
1452,5217,5218
1453,5217,5242
1454,5291,5316
1455,5291,5267
1456,5389,5316
1457,5267,5316
1458,5340,5316
1459,5315,5315
1460,5266,5291
1461,5242,5267
1462,5266,5218
1463,5217,5267
1464,5291,5291
1465,5242,5217
1466,5291,5315
1467,5193,5193
1468,5291,5291
1469,5193,5291
1470,5291,5169
1471,5315,5340
1472,5291,5291
1473,5266,5266
1474,5266,5291
1475,5267,5267
1476,5291,5242
1477,5364,5413
1478,5193,5242
1479,5291,5242
1480,5242,5242
1481,5266,5291
1482,5242,5291
1483,5267,5217
1484,5266,5266
1485,5315,5340
1486,5266,5242
1487,5291,5315
1488,5365,5340
1489,5291,5267
1490,5291,5316
1491,5267,5291
1492,5291,5291
1493,5266,5291
1494,5266,5217
1495,5266,5291
1496,5315,5242
1497,5144,5218
1498,5291,5242
1499,5266,5242
1500,5242,5291
1501,5291,5266
1502,5291,5291
1503,5291,5291
1504,5340,5315
1505,5291,5315
1506,5364,5316
1507,5217,5242
1508,5340,5315
1509,5267,5291
1510,5193,5193
1511,5315,5316
1512,5242,5218
1513,5266,5291
1514,5266,5315
1515,5217,5168
1516,5242,5267
1517,5267,5218
1518,5267,5267
1519,5218,5291
1520,5340,5266
1521,5266,5291
1522,5340,5291
1523,5193,5217
1524,5340,5340
1525,5218,5242
1526,5291,5266
1527,5266,5242
1528,5658,5291
1529,5217,5634
1530,5266,5267
1531,5266,5267
1532,5266,5218
1533,5315,5340
1534,5291,5291
1535,5340,5340
1536,5242,5266
1537,5242,5266
1538,5291,5291
1539,5217,5193
1540,5168,5193
1541,5266,5217
1542,5168,5217
1543,5242,5266
1544,5267,5168
1545,5291,5340
1546,5242,5193
1547,5291,5266
1548,5315,5389
1549,5193,5193
1550,5316,5315
1551,5316,5291
1552,5340,5316
1553,5242,5316
1554,5291,5267
1555,5266,5242
1556,5291,5291
1557,5242,5242
1558,5266,5315
1559,5291,5291
1560,5340,5242
1561,5291,5340
1562,5242,5218
1563,5291,5316
1564,5291,5316
1565,5291,5291
1566,5315,5315
1567,5340,5291
1568,5242,5291
1569,5315,5316
1570,5340,5291
1571,5291,5291
1572,5242,5316
1573,5291,5267
1574,5242,5242
1575,5267,5266
1576,5242,5217
1577,5291,5266
1578,5291,5364
1579,5267,5242
1580,5340,5340
1581,5242,5266
1582,5316,5315
1583,5316,5315
1584,5291,5242
1585,5217,5267
1586,5242,5242
1587,5242,5242
1588,5315,5316
1589,5266,5218
1590,5242,5291
1591,5291,5291
1592,5315,5291
1593,5364,5364
1594,5340,5315
1595,5267,5266
1596,5291,5315
1597,5242,5266
1598,5291,5266
1599,5340,5364
1600,5266,5242
1601,5291,5315
1602,5169,5168
1603,5242,5193
1604,5364,5389
1605,5242,5266
1606,5266,5315
1607,5364,5266
1608,5315,5364
1609,5242,5242
1610,5291,5316
1611,5266,5242
1612,5364,5315
1613,5144,5193
1614,5291,5316
1615,5266,5242
1616,5266,5291
1617,5242,5193
1618,5316,5315
1619,5267,5315
1620,5291,5266
1621,5266,5291
1622,5291,5267
1623,5291,5316
1624,5242,5242
1625,5340,5364
1626,5267,5242
1627,5267,5242
1628,5316,5364
1629,5218,5217
1630,5242,5217
1631,5315,5291
1632,5266,5291
1633,5364,5364
1634,5291,5315
1635,5242,5266
1636,5389,5340
1637,5218,5218
1638,5340,5340
1639,5291,5291
1640,5242,5267
1641,5291,5291
1642,5291,5291
1643,5242,5267
1644,5340,5340
1645,5267,5217
1646,5316,5315
1647,5365,5413
1648,5267,5291
1649,5316,5291
1650,5291,5242
1651,5315,5316
1652,5315,5340
1653,5217,5242
1654,5266,5242
1655,5316,5315
1656,5169,5193
1657,5291,5291
1658,5266,5291
1659,5242,5242
1660,5217,5193
1661,5217,5242
1662,5266,5266
1663,5266,5266
1664,5315,5315
1665,5266,5291
1666,5242,5242
1667,5291,5291
1668,5291,5291
1669,5242,5217
1670,5291,5291
1671,5242,5242
1672,5266,5291
1673,5242,5242
1674,5316,5266
1675,5291,5315
1676,5315,5315
1677,5217,5242
1678,5291,5316
1679,5291,5267
1680,5242,5242
1681,5364,5389
1682,5217,5218
1683,5364,5316
1684,5291,5291
1685,5267,5291
1686,5291,5365
1687,5315,5267
1688,5217,5218
1689,5364,5316
1690,5217,5242
1691,5315,5340
1692,5291,5291
1693,5242,5242
1694,5291,5291
1695,5291,5291
1696,5316,5340
1697,5340,5291
1698,5242,5291
1699,5242,5242
1700,5316,5291
1701,5193,5218
1702,5340,5316
1703,5193,5193
1704,5266,5266
1705,5291,5267
1706,5316,5291
1707,5340,5340
1708,5340,5316
1709,5267,5340
1710,5242,5291
1711,5267,5242
1712,5315,5340
1713,5315,5316
1714,5266,5267
1715,5315,5316
1716,5315,5267
1717,5217,5242
1718,5291,5242
1719,5340,5389
1720,5291,5315
1721,5315,5291
1722,5266,5291
1723,5315,5291
1724,5315,5365
1725,5242,5218
1726,5340,5316
1727,5315,5316
1728,5291,5316
1729,5242,5267
1730,5242,5242
1731,5217,5193
1732,5242,5242
1733,5291,5315
1734,5291,5315
1735,5365,5340
1736,5316,5316
1737,5340,5316
1738,5291,5340
1739,5291,5291
1740,5267,5267
1741,5242,5242
1742,5217,5218
1743,5315,5291
1744,5266,5291
1745,5291,5291
1746,5144,5168
1747,5291,5291
1748,5144,5144
1749,5291,5291
1750,5242,5267
1751,5266,5217
1752,5315,5340
1753,5291,5267
1754,5267,5267
1755,5267,5267
1756,5316,5340
1757,5218,5266
1758,5340,5291
1759,5242,5218
1760,5316,5291
1761,5193,5218
1762,5291,5242
1763,5218,5291
1764,5242,5169
1765,5291,5291
1766,5340,5340
1767,5217,5291
1768,5266,5242
1769,5291,5267
1770,5242,5291
1771,5316,5315
1772,5267,5242
1773,5291,5316
1774,5316,5316
1775,5267,5267
1776,5267,5291
1777,5340,5291
1778,5242,5242
1779,5291,5291
1780,5242,5218
1781,5242,5267
1782,5291,5316
1783,5291,5267
1784,5316,5340
1785,5291,5291
1786,5315,5291
1787,5340,5315
1788,5291,5340
1789,5242,5291
1790,5340,5315
1791,5242,5242
1792,5291,5291
1793,5242,5217
1794,5316,5340
1795,5267,5291
1796,5242,5217
1797,5316,5340
1798,5193,5193
1799,5315,5316
1800,5315,5316
1801,5340,5340
1802,5291,5291
1803,5291,5291
1804,5193,5193
1805,5340,5315
1806,5217,5217
1807,5315,5266
1808,5340,5389
1809,5316,5316
1810,5291,5291
1811,5291,5291
1812,5267,5267
1813,5291,5316
1814,5315,5316
1815,5266,5242
1816,5315,5315
1817,5291,5291
1818,5316,5316
1819,5218,5242
1820,5267,5242
1821,5217,5291
1822,5291,5266
1823,5291,5291
1824,5266,5291
1825,5316,5291
1826,5218,5242
1827,5365,5291
1828,5316,5316
1829,5316,5340
1830,5291,5266
1831,5266,5242
1832,5266,5291
1833,5291,5242
1834,5267,5315
1835,5315,5315
1836,5242,5242
1837,5218,5242
1838,5267,5266
1839,5316,5266
1840,5340,5364
1841,5315,5291
1842,5315,5340
1843,5242,5267
1844,5266,5242
1845,5193,5217
1846,5267,5242
1847,5218,5267
1848,5316,5291
1849,5242,5217
1850,5291,5266
1851,5267,5291
1852,5291,5267
1853,5242,5291
1854,5242,5217
1855,5267,5291
1856,5340,5316
1857,5291,5316
1858,5365,5340
1859,5291,5315
1860,5242,5217
1861,5291,5316
1862,5266,5267
1863,5267,5242
1864,5316,5315
1865,5340,5340
1866,5266,5291
1867,5315,5340
1868,5267,5267
1869,5267,5267
1870,5340,5340
1871,5291,5267
1872,5340,5340
1873,5291,5315
1874,5266,5266
1875,5291,5315
1876,5267,5242
1877,5291,5267
1878,5193,5193
1879,5267,5291
1880,5389,5365
1881,5315,5365
1882,5315,5316
1883,5266,5242
1884,5242,5217
1885,5291,5340
1886,5217,5193
1887,5291,5315
1888,5266,5242
1889,5266,5291
1890,5291,5315
1891,5291,5217
1892,5315,5364
1893,5266,5291
1894,5291,5316
1895,5291,5242
1896,5413,5364
1897,5291,5291
1898,5316,5365
1899,5316,5315
1900,5267,5242
1901,5266,5316
1902,5291,5267
1903,5193,5193
1904,5389,5364
1905,5242,5266
1906,5315,5291
1907,5266,5316
1908,5291,5242
1909,5242,5315
1910,5291,5291
1911,5315,5291
1912,5364,5340
1913,5217,5267
1914,5291,5291
1915,5365,5315
1916,5144,5168
1917,5291,5291
1918,5267,5266
1919,5267,5242
1920,5266,5267
1921,5315,5340
1922,5266,5266
1923,5291,5291
1924,5291,5316
1925,5169,5218
1926,5291,5267
1927,5266,5242
1928,5364,5364
1929,5291,5291
1930,5291,5291
1931,5291,5315
1932,5242,5242
1933,5193,5218
1934,5267,5218
1935,5242,5267
1936,5340,5267
1937,5218,5291
1938,5291,5266
1939,5315,5315
1940,5266,5242
1941,5291,5340
1942,5291,5266
1943,5316,5340
1944,5365,5340
1945,5267,5291
1946,5242,5242
1947,5315,5315
1948,5242,5266
1949,5315,5291
1950,5242,5266
1951,5316,5291
1952,5340,5316
1953,5217,5218
1954,5340,5340
1955,5267,5266
1956,5242,5315
1957,5316,5291
1958,5340,5340
1959,5242,5242
1960,5365,5291
1961,5267,5340
1962,5340,5291
1963,5242,5242
1964,5291,5291
1965,5266,5291
1966,5315,5316
1967,5315,5291
1968,5340,5315
1969,5291,5340
1970,5266,5267
1971,5315,5291
1972,5291,5291
1973,5316,5340
1974,5242,5242
1975,5315,5291
1976,5242,5266
1977,5291,5315
1978,5193,5266
1979,5267,5193
1980,5267,5266
1981,5169,5217
1982,5218,5168
1983,5242,5242
1984,5413,5364
1985,5217,5242
1986,5340,5291
1987,5291,5291
1988,5291,5316
1989,5218,5267
1990,5266,5242
1991,5267,5266
1992,5316,5340
1993,5242,5267
1994,5266,5267
1995,5193,5218
1996,5291,5267
1997,5242,5242
1998,5291,5291
1999,5340,5340
2000,5340,5291
2001,5315,5316
2002,5242,5266
2003,5340,5340
2004,5242,5242
2005,5291,5266
2006,5218,5242
2007,5316,5291
2008,5316,5315
2009,5291,5315
2010,5242,5291
2011,5267,5193
2012,5291,5316
2013,5266,5267
2014,5291,5267
2015,5267,5291
2016,5316,5266
2017,5242,5242
2018,5315,5340
2019,5217,5193
2020,5291,5266
2021,5267,5291
2022,5291,5291
2023,5291,5291
2024,5340,5340
2025,5218,5266
2026,5267,5291
2027,5291,5267
2028,5217,5242
2029,5267,5266
2030,5291,5266
2031,5340,5364
2032,5316,5315
2033,5315,5291
2034,5217,5242
2035,5242,5217
2036,5267,5315
2037,5242,5217
2038,5266,5291
2039,5438,5365
2040,5708,5389
2041,5218,5609
2042,5291,5266
2043,5266,5266
2044,5266,5266
2045,5291,5291
2046,5267,5242
2047,5193,5242
2048,5267,5217
2049,5242,5291
2050,5364,5389
2051,5266,5242
2052,5291,5267
2053,5340,5340
2054,5242,5266
2055,5267,5315
2056,5291,5217
2057,5315,5315
2058,5266,5291
2059,5315,5267
2060,5340,5340
2061,5316,5316
2062,5217,5242
2063,5315,5315
2064,5315,5340
2065,5267,5242
2066,5242,5315
2067,5291,5242
2068,5267,5340
2069,5267,5266
2070,5267,5217
2071,5267,5266
2072,5316,5266
2073,5193,5242
2074,5291,5291
2075,5218,5217
2076,5315,5291
2077,5266,5291
2078,5266,5266
2079,5315,5291
2080,5315,5316
2081,5242,5316
2082,5217,5217
2083,5242,5217
2084,5267,5242
2085,5266,5316
2086,5266,5242
2087,5291,5340
2088,5267,5242
2089,5267,5266
2090,5266,5266
2091,5242,5266
2092,5218,5193
2093,5291,5267
2094,5266,5267
2095,5315,5340
2096,5291,5291
2097,5267,5291
2098,5267,5266
2099,5291,5242
2100,5266,5316
2101,5315,5267
2102,5291,5340
2103,5169,5217
2104,5365,5266
2105,5242,5266
2106,5364,5315
2107,5242,5315
2108,5316,5291
2109,5267,5267
2110,5267,5242
2111,5340,5291
2112,5315,5365
2113,5340,5340
2114,5340,5315
2115,5267,5291
2116,5365,5365
2117,5316,5340
2118,5242,5242
2119,5340,5316
2120,5242,5242
2121,5316,5316
2122,5316,5316
2123,5316,5267
2124,5316,5365
2125,5242,5267
2126,5242,5242
2127,5267,5291
2128,5315,5291
2129,5217,5217
2130,5291,5291
2131,5218,5217
2132,5315,5315
2133,5168,5217
2134,5266,5217
2135,5217,5266
2136,5315,5266
2137,5291,5266
2138,5291,5315
2139,5242,5266
2140,5267,5291
2141,5291,5242
2142,5315,5291
2143,5291,5340
2144,5267,5242
2145,5340,5365
2146,5315,5291
2147,5291,5266
2148,5242,5291
2149,5266,5242
2150,5217,5242
2151,5340,5291
2152,5242,5291
2153,5266,5218
2154,5242,5316
2155,5218,5218
2156,5267,5218
2157,5291,5267
2158,5291,5340
2159,5316,5291
2160,5242,5291
2161,5266,5193
2162,5291,5316
2163,5267,5267
2164,5340,5365
2165,5169,5193
2166,5340,5291
2167,5340,5340
2168,5267,5291
2169,5267,5267
2170,5242,5242
2171,5316,5340
2172,5291,5291
2173,5291,5291
2174,5291,5266
2175,5364,5364
2176,5217,5217
2177,5315,5291
2178,5266,5291
2179,5291,5267
2180,5218,5218
2181,5291,5267
2182,5266,5242
2183,5315,5315
2184,5242,5266
2185,5217,5266
2186,5266,5242
2187,5266,5267
2188,5291,5291
2189,5218,5217
2190,5291,5291
2191,5316,5316
2192,5267,5291
2193,5242,5242
2194,5315,5267
2195,5266,5291
2196,5315,5266
2197,5242,5291
2198,5316,5315
2199,5340,5315
2200,5242,5242
2201,5316,5340
2202,5242,5217
2203,5315,5315
2204,5315,5315
2205,5242,5242
2206,5267,5266
2207,5340,5315
2208,5193,5193
2209,5340,5340
2210,5266,5266
2211,5315,5267
2212,5242,5291
2213,5267,5217
2214,5291,5364
2215,5266,5217
2216,5266,5291
2217,5315,5316
2218,5291,5291
2219,5242,5217
2220,5316,5364
2221,5218,5217
2222,5267,5266
2223,5266,5266
2224,5291,5291
2225,5267,5291
2226,5291,5266
2227,5340,5315
2228,5316,5315
2229,5193,5242
2230,5193,5218
2231,5316,5291
2232,5291,5242
2233,5291,5316
2234,5291,5291
2235,5266,5291
2236,5291,5267
2237,5242,5267
2238,5242,5242
2239,5315,5291
2240,5242,5291
2241,5365,5267
2242,5169,5218
2243,5316,5340
2244,5291,5291
2245,5217,5218
2246,5340,5316
2247,5267,5267
2248,5267,5316
2249,5267,5218
2250,5267,5291
2251,5315,5291
2252,5340,5340
2253,5242,5266
2254,5340,5364
2255,5193,5168
2256,5291,5291
2257,5267,5242
2258,5291,5267
2259,5266,5316
2260,5340,5291
2261,5291,5315
2262,5217,5315
2263,5315,5242
2264,5291,5267
2265,5316,5316
2266,5242,5218
2267,5291,5340
2268,5267,5266
2269,5242,5242
2270,5242,5242
2271,5242,5193
2272,5315,5316
2273,5315,5340
2274,5315,5315
2275,5242,5242
2276,5242,5267
2277,5242,5218
2278,5316,5340
2279,5291,5242
2280,5291,5316
2281,5242,5218
2282,5266,5316
2283,5242,5267
2284,5291,5242
2285,5218,5266
2286,5291,5242
2287,5168,5218
2288,5266,5267
2289,5218,5193
2290,5267,5291
2291,5291,5266
2292,5266,5242
2293,5266,5316
2294,5291,5267
2295,5291,5291
2296,5291,5291
2297,5267,5266
2298,5316,5266
2299,5242,5291
2300,5266,5242
2301,5217,5242
2302,5217,5218
2303,5316,5291
2304,5267,5315
2305,5291,5266
2306,5242,5291
2307,5316,5242
2308,5267,5291
2309,5242,5242
2310,5291,5315
2311,5218,5242
2312,5389,5291
2313,5266,5291
2314,5291,5291
2315,5267,5267
2316,5242,5267
2317,5242,5242
2318,5316,5266
2319,5242,5266
2320,5291,5291
2321,5144,5144
2322,5315,5267
2323,5193,5218
2324,5316,5316
2325,5316,5340
2326,5291,5291
2327,5316,5316
2328,5316,5316
2329,5291,5291
2330,5340,5316
2331,5316,5316
2332,5169,5193
2333,5267,5266
2334,5291,5266
2335,5291,5315
2336,5242,5193
2337,5217,5242
2338,5266,5242
2339,5315,5291
2340,5291,5315
2341,5217,5217
2342,5266,5266
2343,5291,5267
2344,5316,5340
2345,5267,5242
2346,5340,5340
2347,5168,5168
2348,5315,5291
2349,5266,5340
2350,5242,5242
2351,5242,5242
2352,5316,5266
2353,5267,5291
2354,5267,5291
2355,5291,5266
2356,5291,5291
2357,5315,5340
2358,5291,5291
2359,5365,5365
2360,5291,5291
2361,5266,5242
2362,5291,5316
2363,5218,5242
2364,5267,5242
2365,5217,5242
2366,5217,5193
2367,5340,5340
2368,5316,5267
2369,5316,5365
2370,5316,5316
2371,5193,5218
2372,5340,5316
2373,5267,5267
2374,5291,5316
2375,5340,5291
2376,5291,5291
2377,5169,5242
2378,5316,5291
2379,5218,5218
2380,5316,5291
2381,5218,5266
2382,5242,5242
2383,5266,5242
2384,5389,5340
2385,5266,5365
2386,5291,5267
2387,5291,5316
2388,5291,5291
2389,5291,5291
2390,5267,5291
2391,5316,5291
2392,5218,5193
2393,5242,5291
2394,5340,5365
2395,5266,5218
2396,5291,5316
2397,5316,5291
2398,5267,5291
2399,5267,5267
2400,5316,5291
2401,5267,5315
2402,5365,5315
2403,5267,5291
2404,5291,5242
2405,5242,5315
2406,5267,5242
2407,5340,5316
2408,5364,5316
2409,5193,5291
2410,5291,5291
2411,5217,5242
2412,5316,5266
2413,5316,5340
2414,5267,5291
2415,5316,5315
2416,5316,5242
2417,5291,5365
2418,5266,5242
2419,5291,5315
2420,5218,5217
2421,5315,5291
2422,5217,5242
2423,5291,5291
2424,5316,5242
2425,5316,5340
2426,5316,5315
2427,5267,5266
2428,5316,5316
2429,5218,5242
2430,5316,5291
2431,5242,5242
2432,5364,5315
2433,5291,5364
2434,5267,5291
2435,5218,5169
2436,5291,5316
2437,5217,5193
2438,5266,5218
2439,5217,5242
2440,5340,5291
2441,5266,5340
2442,5340,5315
2443,5316,5364
2444,5218,5242
2445,5316,5267
2446,5291,5291
2447,5315,5242
2448,5266,5340
2449,5291,5291
2450,5218,5242
2451,5267,5217
2452,5267,5291
2453,5316,5291
2454,5267,5340
2455,5266,5242
2456,5291,5291
2457,5316,5340
2458,5291,5291
2459,5242,5218
2460,5291,5267
2461,5242,5267
2462,5316,5340
2463,5218,5242
2464,5340,5267
2465,5218,5267
2466,5291,5267
2467,5217,5267
2468,5291,5267
2469,5242,5242
2470,5266,5266
2471,5266,5266
2472,5315,5266
2473,5340,5364
2474,5291,5315
2475,5291,5266
2476,5340,5364
2477,5242,5291
2478,5291,5291
2479,5316,5291
2480,5340,5316
2481,5291,5316
2482,5193,5218
2483,5291,5267
2484,5193,5218
2485,5291,5242
2486,5291,5340
2487,5315,5291
2488,5291,5291
2489,5217,5291
2490,5266,5218
2491,5266,5242
2492,5364,5364
2493,5217,5217
2494,5242,5291
2495,5242,5242
2496,5291,5242
2497,5242,5242
2498,5291,5266
2499,5267,5291
2500,5316,5340
2501,5316,5291
2502,5340,5340
2503,5315,5315
2504,5217,5242
2505,5266,5316
2506,5266,5193
2507,5315,5340
2508,5266,5267
2509,5242,5242
2510,5267,5315
2511,5316,5242
2512,5193,5193
2513,5315,5340
2514,5242,5218
2515,5291,5291
2516,5291,5291
2517,5267,5242
2518,5291,5315
2519,5291,5315
2520,5291,5291
2521,5218,5242
2522,5291,5266
2523,5217,5291
2524,5315,5267
2525,5217,5242
2526,5267,5266
2527,5169,5144
2528,5316,5266
2529,5218,5291
2530,5291,5193
2531,5266,5291
2532,5340,5365
2533,5291,5291
2534,5266,5291
2535,5340,5316
2536,5267,5291
2537,5242,5217
2538,5315,5315
2539,5242,5291
2540,5266,5218
2541,5266,5340
2542,5144,5168
2543,5316,5242
2544,5242,5242
2545,5267,5242
2546,5169,5217
2547,5267,5266
2548,5242,5217
2549,5266,5266
2550,5266,5291
2551,5242,5218
2552,5267,5291
2553,5267,5266
2554,5291,5242
2555,5217,5291
2556,5242,5193
2557,5169,5218
2558,5316,5267
2559,5291,5267
2560,5266,5316
2561,5266,5267
2562,5291,5291
2563,5316,5266
2564,5267,5291
2565,5242,5267
2566,5291,5291
2567,5291,5266
2568,5315,5340
2569,5291,5267
2570,5242,5291
2571,5340,5315
2572,5218,5193
2573,5291,5316
2574,5291,5242
2575,5242,5315
2576,5291,5266
2577,5291,5242
2578,5340,5340
2579,5291,5364
2580,5193,5193
2581,5315,5316
2582,5315,5316
2583,5266,5218
2584,5291,5365
2585,5267,5242
2586,5291,5315
2587,5316,5266
2588,5242,5266
2589,5291,5315
2590,5316,5315
2591,5144,5193
2592,5365,5242
2593,5193,5266
2594,5315,5315
2595,5315,5315
2596,5291,5266
2597,5291,5315
2598,5242,5217
2599,5291,5316
2600,5266,5267
2601,5315,5291
2602,5266,5291
2603,5291,5291
2604,5242,5242
2605,5217,5267
2606,5291,5242
2607,5267,5266
2608,5340,5266
2609,5291,5340
2610,5340,5316
2611,5315,5365
2612,5242,5218
2613,5267,5291
2614,5316,5315
2615,5267,5266
2616,5365,5364
2617,5218,5168
2618,5340,5364
2619,5315,5340
2620,5266,5242
2621,5242,5291
2622,5291,5242
2623,5193,5218
2624,5316,5291
2625,5242,5193
2626,5340,5365
2627,5291,5316
2628,5144,5193
2629,5291,5291
2630,5316,5242
2631,5267,5340
2632,5193,5169
2633,5266,5267
2634,5217,5242
2635,5242,5193
2636,5242,5291
2637,5291,5291
2638,5242,5218
2639,5291,5291
2640,5291,5291
2641,5267,5267
2642,5193,5267
2643,5266,5218
2644,5267,5291
2645,5267,5242
2646,5267,5266
2647,5218,5266
2648,5316,5242
2649,5242,5267
2650,5266,5267
2651,5266,5242
2652,5266,5315
2653,5266,5193
2654,5266,5316
2655,5193,5242
2656,5267,5217
2657,5193,5242
2658,5315,5242
2659,5168,5144
2660,5266,5316
2661,5291,5242
2662,5267,5316
2663,5316,5291
2664,5242,5217
2665,5315,5315
2666,5340,5340
2667,5267,5291
2668,5267,5266
2669,5291,5266
2670,5217,5267
2671,5364,5316
2672,5266,5267
2673,5217,5193
2674,5217,5242
2675,5291,5291
2676,5218,5266
2677,5242,5193
2678,5193,5242
2679,5291,5266
2680,5291,5291
2681,5266,5291
2682,5315,5266
2683,5217,5242
2684,5291,5291
2685,5218,5217
2686,5267,5291
2687,5242,5218
2688,5267,5291
2689,5193,5218
2690,5242,5193
2691,5242,5266
2692,5315,5266
2693,5119,5144
2694,5242,5242
2695,5218,5193
2696,5267,5266
2697,5218,5193
2698,18840,18815
2699,5340,5266
2700,5340,5389
2701,5389,5414
2702,5340,5389
2703,5389,5340
2704,5365,5389
2705,5291,5315
2706,5242,5266
2707,5267,5266
2708,5340,5291
2709,5291,5316
2710,5193,5242
2711,5315,5267
2712,5242,5218
2713,5218,5242
2714,5291,5266
2715,5291,5291
2716,5316,5340
2717,5316,5291
2718,5389,5365
2719,5315,5365
2720,5389,5291
2721,5561,5413
2722,5487,5707
2723,5536,5536
2724,5291,5340
2725,5340,5340
2726,5266,5242
2727,5266,5291
2728,6859,6467
2729,5365,5781
2730,5242,5193
2731,5217,5242
2732,5291,5267
2733,5193,5242
2734,5217,5193
2735,5242,5242
2736,5291,5291
2737,5242,5217
2738,5242,5242
2739,5242,5266
2740,5242,5168
2741,5291,5340
2742,5438,5291
2743,5977,5879
2744,5609,5855
2745,5266,5242
2746,5315,5315
2747,5242,5291
2748,5365,5340
2749,5242,5217
2750,5316,5340
2751,5267,5291
2752,5242,5242
2753,5242,5242
2754,5267,5218
2755,5218,5291
2756,5340,5242
2757,5266,5291
2758,5291,5291
2759,5316,5291
2760,5291,5242
2761,5340,5389
2762,5365,5364
2763,5512,5291
2764,6393,6198
2765,6834,6590
2766,5707,6369
2767,5266,5315
2768,5217,5168
2769,5291,5315
2770,5340,5291
2771,5242,5291
2772,5267,5242
2773,5169,5168
2774,5291,5291
2775,5266,5291
2776,5291,5266
2777,5267,5266
2778,5267,5242
2779,5193,5218
2780,5291,5291
2781,5169,5193
2782,5242,5242
2783,5267,5242
2784,5242,5267
2785,5242,5267
2786,5218,5193
2787,5193,5217
2788,5291,5242
2789,5169,5242
2790,5267,5217
2791,5193,5193
2792,5340,5316
2793,5291,5267
2794,5266,5316
2795,5340,5365
2796,5193,5193
2797,5266,5291
2798,5266,5242
2799,5266,5267
2800,5315,5316
2801,5291,5291
2802,5242,5242
2803,5242,5291
2804,5266,5242
2805,5193,5242
2806,5266,5217
2807,5291,5291
2808,5242,5291
2809,5291,5266
2810,5218,5266
2811,5340,5315
2812,5266,5217
2813,5144,5217
2814,5267,5217
2815,5340,5315
2816,5315,5316
2817,5291,5267
2818,5291,5316
2819,5193,5168
2820,5242,5242
2821,5169,5242
2822,5242,5193
2823,5217,5193
2824,5315,5291
2825,5217,5193
2826,5291,5316
2827,5242,5193
2828,5217,5291
2829,5266,5266
2830,5267,5242
2831,5242,5291
2832,5266,5217
2833,5266,5267
2834,5291,5291
2835,5316,5291
2836,5242,5291
2837,5315,5315
2838,5217,5193
2839,5315,5291
2840,5291,5315
2841,5267,5266
2842,5267,5291
2843,5218,5193
2844,5242,5217
2845,5242,5266
2846,5267,5266
2847,5267,5291
2848,5291,5267
2849,5193,5218
2850,5340,5365
2851,5267,5218
2852,5291,5316
2853,5291,5242
2854,5218,5291
2855,5267,5340
2856,5316,5266
2857,5144,5193
2858,5291,5218
2859,5144,5144
2860,5266,5315
2861,5291,5242
2862,5218,5267
2863,5340,5316
2864,5242,5242
2865,5217,5267
2866,5266,5218
2867,5242,5242
2868,5267,5266
2869,5242,5217
2870,5266,5315
2871,5315,5291
2872,5266,5242
2873,5218,5266
2874,5291,5291
2875,5266,5242
2876,5217,5291
2877,5266,5193
2878,5217,5242
2879,5315,5291
2880,5242,5266
2881,5267,5266
2882,5242,5242
2883,5267,5267
2884,5316,5340
2885,5193,5168
2886,5291,5315
2887,5267,5242
2888,5365,5267
2889,5267,5365
2890,5291,5266
2891,5266,5242
2892,5291,5316
2893,5193,5193
2894,5291,5291
2895,5267,5291
2896,5365,5266
2897,5267,5316
2898,5242,5242
2899,5315,5340
2900,5266,5267
2901,5291,5267
2902,5291,5267
2903,5315,5365
2904,5266,5242
2905,5217,5266
2906,5267,5266
2907,5316,5242
2908,5193,5267
2909,5266,5242
2910,5242,5217
2911,5340,5340
2912,5242,5267
2913,5218,5242
2914,5291,5291
2915,5291,5242
2916,5316,5340
2917,5242,5218
2918,5364,5389
2919,5291,5315
2920,5364,5291
2921,5217,5316
2922,5242,5218
2923,5242,5291
2924,5291,5266
2925,5242,5266
2926,5291,5291
2927,5242,5267
2928,5364,5267
2929,5315,5365
2930,5217,5218
2931,5315,5340
2932,5340,5340
2933,5267,5291
2934,5218,5242
2935,5291,5242
2936,5291,5266
2937,5291,5340
2938,5168,5169
2939,5340,5291
2940,5218,5217
2941,5242,5242
2942,5217,5266
2943,5315,5242
2944,5315,5316
2945,5242,5242
2946,5267,5315
2947,5267,5266
2948,5316,5291
2949,5267,5267
2950,5291,5340
2951,5266,5217
2952,5315,5291
2953,5168,5193
2954,5291,5242
2955,5242,5291
2956,5242,5242
2957,5242,5291
2958,5315,5266
2959,5291,5291
2960,5340,5291
2961,5364,5413
2962,5267,5266
2963,5340,5364
2964,5266,5242
2965,5266,5291
2966,5217,5218
2967,5291,5242
2968,5267,5266
2969,5340,5340
2970,5217,5242
2971,5266,5291
2972,5267,5291
2973,5267,5242
2974,5291,5316
2975,5242,5242
2976,5340,5291
2977,5291,5291
2978,5291,5315
2979,5242,5291
2980,5218,5193
2981,5291,5242
2982,5266,5291
2983,5217,5193
2984,5364,5291
2985,5242,5315
2986,5340,5291
2987,5266,5340
2988,5242,5193
2989,5316,5340
2990,5242,5217
2991,5315,5315
2992,5315,5266
2993,5315,5389
2994,5291,5316
2995,5291,5267
2996,5242,5242
2997,5242,5266
2998,5291,5315
2999,5315,5266
3000,5413,5364
3001,5315,5340
3002,5266,5291
3003,5266,5340
3004,5266,5218
3005,5217,5193
3006,5315,5315
3007,5242,5242
3008,5365,5365
3009,5242,5267
3010,5315,5291
3011,5168,5217
3012,5266,5193
3013,5266,5315
3014,5266,5217
3015,5242,5242
3016,5291,5242
3017,5217,5267
3018,5315,5291
3019,5291,5291
3020,5193,5218
3021,5315,5291
3022,5315,5291
3023,5242,5266
3024,5389,5266
3025,5242,5315
3026,5291,5340
3027,5291,5291
3028,5144,5144
3029,5266,5242
3030,5242,5217
3031,5291,5340
3032,5340,5316
3033,5267,5242
3034,5291,5291
3035,5266,5242
3036,5291,5364
3037,5242,5266
3038,5340,5291
3039,5242,5218
3040,5413,5365
3041,5242,5340
3042,5267,5266
3043,5242,5217
3044,5291,5266
3045,5267,5315
3046,5291,5266
3047,5266,5266
3048,5291,5291
3049,5266,5267
3050,5242,5291
3051,5267,5266
3052,5193,5242
3053,5364,5340
3054,5291,5291
3055,5291,5291
3056,5315,5291
3057,5340,5316
3058,5218,5266
3059,5291,5242
3060,5168,5193
3061,5242,5242
3062,5242,5193
3063,5315,5316
3064,5315,5291
3065,5242,5315
3066,5267,5266
3067,5217,5217
3068,5315,5291
3069,5217,5242
3070,5291,5315
3071,5217,5242
3072,5364,5291
3073,5193,5242
3074,5291,5316
3075,5217,5218
3076,5364,5316
3077,5266,5291
3078,5266,5242
3079,5266,5291
3080,5364,5291
3081,5315,5364
3082,5291,5291
3083,5291,5291
3084,5266,5291
3085,5291,5242
3086,5291,5315
3087,5315,5315
3088,5242,5242
3089,5316,5316
3090,5316,5291
3091,5291,5291
3092,5242,5291
3093,5242,5242
3094,5242,5242
3095,5316,5291
3096,5365,5316
3097,5242,5316
3098,5364,5340
3099,5193,5193
3100,5365,5340
3101,5267,5266
3102,5242,5266
3103,5315,5315
3104,5340,5291
3105,5217,5291
3106,5266,5266
3107,5266,5267
3108,5315,5291
3109,5242,5266
3110,5193,5193
3111,5291,5291
3112,5340,5315
3113,5267,5315
3114,5291,5242
3115,5242,5291
3116,5291,5242
3117,5291,5291
3118,5193,5242
3119,5315,5315
3120,5291,5242
3121,5291,5365
3122,5291,5316
3123,5242,5169
3124,5267,5291
3125,5242,5242
3126,5291,5315
3127,5193,5266
3128,5340,5266
3129,5242,5291
3130,5340,5316
3131,5218,5242
3132,5291,5267
3133,5291,5267
3134,5218,5267
3135,5242,5218
3136,5266,5291
3137,5242,5217
3138,5365,5340
3139,5291,5267
3140,5291,5340
3141,5365,5364
3142,5242,5266
3143,5340,5315
3144,5340,5291
3145,5266,5340
3146,5266,5242
3147,5266,5242
3148,5242,5291
3149,5267,5218
3150,5193,5217
3151,5291,5291
3152,5315,5291
3153,5242,5266
3154,5291,5266
3155,5217,5242
3156,5242,5267
3157,5217,5193
3158,5266,5340
3159,5315,5242
3160,5291,5315
3161,5242,5266
3162,5266,5266
3163,5217,5266
3164,5291,5291
3165,5218,5193
3166,5242,5242
3167,5193,5193
3168,5291,5291
3169,5193,5242
3170,5267,5217
3171,5291,5266
3172,5315,5315
3173,5266,5291
3174,5291,5316
3175,5291,5267
3176,5267,5291
3177,5267,5266
3178,5291,5266
3179,5266,5315
3180,5291,5266
3181,5267,5242
3182,5193,5291
3183,5266,5193
3184,5168,5193
3185,5291,5242
3186,5218,5193
3187,5267,5315
3188,5193,5193
3189,5217,5242
3190,5340,5315
3191,5291,5242
3192,5291,5340
3193,5291,5267
3194,5266,5242
3195,5267,5315
3196,5316,5315
3197,5242,5266
3198,5291,5291
3199,5242,5120
3200,5242,5340
3201,5218,5193
3202,5267,5291
3203,5218,5242
3204,5291,5267
3205,5169,5218
3206,5242,5218
3207,5217,5218
3208,5266,5291
3209,5316,5291
3210,5242,5242
3211,5340,5389
3212,5218,5193
3213,5267,5291
3214,5340,5316
3215,5242,5267
3216,5242,5267
3217,5291,5267
3218,5217,5169
3219,5365,5414
3220,5218,5242
3221,5218,5242
3222,5267,5242
3223,5316,5291
3224,5242,5267
3225,5266,5218
3226,5266,5291
3227,5291,5267
3228,5315,5340
3229,5144,5193
3230,5340,5316
3231,5242,5242
3232,5316,5291
3233,5218,5193
3234,5316,5315
3235,5267,5291
3236,5242,5242
3237,5511,5291
3238,5315,5487
3239,5291,5340
3240,5242,5315
3241,5291,5217
3242,5291,5242
3243,5291,5316
3244,5267,5218
3245,5218,5315
3246,5266,5242
3247,5242,5267
3248,5193,5218
3249,5267,5218
3250,5144,5218
3251,5291,5218
3252,5193,5218
3253,5217,5242
3254,5217,5193
3255,5315,5218
3256,5291,5365
3257,5242,5267
3258,5193,5218
3259,5242,5217
3260,5266,5266
3261,5217,5168
3262,5266,5266
3263,5217,5242
3264,5266,5267
3265,5168,5193
3266,5315,5266
3267,5217,5193
3268,5266,5340
3269,5242,5217
3270,5242,5266
3271,5291,5291
3272,5291,5291
3273,5218,5242
3274,5340,5316
3275,5266,5242
3276,5291,5291
3277,5267,5291
3278,5242,5266
3279,5291,5291
3280,5316,5267
3281,5267,5291
3282,5267,5242
3283,5218,5267
3284,5242,5267
3285,5340,5291
3286,5169,5193
3287,5267,5267
3288,5267,5242
3289,5291,5267
3290,5217,5169
3291,5242,5267
3292,5242,5242
3293,5242,5242
3294,5316,5315
3295,5414,5364
3296,5242,5291
3297,5266,5266
3298,5266,5217
3299,5217,5242
3300,5291,5291
3301,5217,5217
3302,5266,5315
3303,5315,5266
3304,5266,5266
3305,5193,5242
3306,5267,5217
3307,5218,5266
3308,5365,5291
3309,5242,5242
3310,5291,5340
3311,5340,5316
3312,5217,5242
3313,5266,5242
3314,5242,5218
3315,5267,5316
3316,5242,5218
3317,5266,5291
3318,5291,5291
3319,5291,5242
3320,5144,5217
3321,5267,5217
3322,5193,5193
3323,5291,5291
3324,5242,5217
3325,5218,5266
3326,5242,5242
3327,5242,5267
3328,5267,5267
3329,5291,5291
3330,5266,5291
3331,5242,5267
3332,5315,5291
3333,5193,5242
3334,5291,5291
3335,5242,5217
3336,5291,5315
3337,5242,5193
3338,5267,5291
3339,5267,5291
3340,5218,5193
3341,5144,5217
3342,5291,5217
3343,5218,5193
3344,5267,5316
3345,5218,5193
3346,5267,5291
3347,5316,5242
3348,5242,5315
3349,5266,5266
3350,5242,5193
3351,5242,5267
3352,5634,5316
3353,5242,5536
3354,5266,5267
3355,5266,5267
3356,5291,5267
3357,5291,5291
3358,5242,5193
3359,5267,5315
3360,5267,5266
3361,5291,5266
3362,5315,5315
3363,5291,5291
3364,5242,5267
3365,5266,5267
3366,5340,5316
3367,5267,5267
3368,5316,5340
3369,5267,5242
3370,5389,5340
3371,5291,5340
3372,5242,5267
3373,5266,5242
3374,5217,5217
3375,5291,5291
3376,5316,5316
3377,5316,5316
3378,5218,5267
3379,5291,5242
3380,5242,5217
3381,5291,5340
3382,5315,5291
3383,5266,5291
3384,5291,5242
3385,5267,5315
3386,5242,5193
3387,5340,5365
3388,5193,5193
3389,5266,5291
3390,5242,5218
3391,5316,5291
3392,5389,5365
3393,5193,5242
3394,5364,5340
3395,5217,5267
3396,5266,5267
3397,5315,5316
3398,5266,5267
3399,5291,5267
3400,5365,5291
3401,5242,5340
3402,5340,5316
3403,5242,5242
3404,5291,5266
3405,5316,5364
3406,5365,5340
3407,5291,5316
3408,5365,5316
3409,5316,5340
3410,5316,5340
3411,5291,5316
3412,5217,5242
3413,5218,5193
3414,5218,5218
3415,5291,5316
3416,5340,5291
3417,5267,5291
3418,5242,5267
3419,5291,5267
3420,5242,5316
3421,5193,5193
3422,5291,5266
3423,5266,5291
3424,5389,5316
3425,5218,5291
3426,5316,5315
3427,5242,5217
3428,5266,5242
3429,5217,5267
3430,5266,5242
3431,5291,5291
3432,5389,5316
3433,5266,5316
3434,5291,5316
3435,5267,5291
3436,5267,5193
3437,5340,5389
3438,5266,5242
3439,5340,5389
3440,5340,5291
3441,5217,5242
3442,5291,5315
3443,5242,5193
3444,5242,5266
3445,5267,5266
3446,5242,5217
3447,5315,5291
3448,5389,5340
3449,5242,5316
3450,5315,5316
3451,5266,5242
3452,5291,5291
3453,5267,5267
3454,5242,5267
3455,5242,5242
3456,5364,5291
3457,5242,5316
3458,5291,5316
3459,5217,5218
3460,5340,5291
3461,5267,5315
3462,5267,5242
3463,5267,5291
3464,5365,5291
3465,5266,5340
3466,5242,5266
3467,5291,5291
3468,5291,5267
3469,5340,5365
3470,5316,5316
3471,5291,5267
3472,5217,5168
3473,5291,5315
3474,5218,5242
3475,5291,5267
3476,5315,5316
3477,5291,5365
3478,5267,5242
3479,5291,5291
3480,5340,5291
3481,5266,5315
3482,5315,5340
3483,5291,5242
3484,5267,5291
3485,5218,5242
3486,5218,5217
3487,5291,5291
3488,5340,5291
3489,5169,5266
3490,5267,5266
3491,5267,5266
3492,5291,5266
3493,5364,5364
3494,5266,5266
3495,5315,5315
3496,5266,5242
3497,5315,5365
3498,5315,5291
3499,5291,5266
3500,5242,5291
3501,5266,5267
3502,5217,5193
3503,5291,5315
3504,5266,5242
3505,5266,5316
3506,5242,5267
3507,5291,5193
3508,5291,5315
3509,5267,5315
3510,5267,5266
3511,5242,5266
3512,5364,5291
3513,5266,5291
3514,5315,5315
3515,5266,5291
3516,5242,5291
3517,5218,5168
3518,5242,5242
3519,5242,5267
3520,5340,5267
3521,5217,5267
3522,5291,5291
3523,5217,5217
3524,5315,5315
3525,5242,5266
3526,5291,5242
3527,5340,5365
3528,5242,5242
3529,5340,5364
3530,5242,5242
3531,5242,5242
3532,5267,5315
3533,5218,5193
3534,5242,5291
3535,5266,5266
3536,5291,5193
3537,5340,5365
3538,5242,5242
3539,5291,5291
3540,5266,5291
3541,5218,5218
3542,5291,5291
3543,5315,5315
3544,5315,5315
3545,5267,5291
3546,5267,5267
3547,5193,5218
3548,5266,5291
3549,5168,5144
3550,5242,5218
3551,5242,5267
3552,5315,5267
3553,5217,5291
3554,5291,5242
3555,5315,5316
3556,5217,5267
3557,5242,5242
3558,5267,5266
3559,5316,5315
3560,5267,5242
3561,5291,5316
3562,5291,5267
3563,5267,5316
3564,5291,5267
3565,5242,5242
3566,5266,5315
3567,5291,5266
3568,5316,5266
3569,5291,5315
3570,5168,5193
3571,5291,5291
3572,5316,5315
3573,5267,5242
3574,5340,5316
3575,5266,5291
3576,5389,5267
3577,5218,5414
3578,5267,5193
3579,5217,5242
3580,5291,5267
3581,5169,5218
3582,5267,5242
3583,5267,5266
3584,5242,5242
3585,5315,5267
3586,5242,5291
3587,5242,5266
3588,5266,5217
3589,5193,5291
3590,5218,5144
3591,5267,5266
3592,5291,5266
3593,5315,5315
3594,5266,5217
3595,5315,5389
3596,5193,5169
3597,5267,5291
3598,5364,5340
3599,5315,5316
3600,5266,5340
3601,5291,5266
3602,5218,5193
3603,5316,5316
3604,5242,5267
3605,5193,5242
3606,5242,5193
3607,5242,5267
3608,5340,5291
3609,5242,5291
3610,5291,5291
3611,5193,5217
3612,5316,5291
3613,5193,5242
3614,5266,5242
3615,5242,5242
3616,5266,5291
3617,5267,5242
3618,5242,5315
3619,5266,5242
3620,5242,5242
3621,5218,5242
3622,5291,5218
3623,5242,5316
3624,5267,5242
3625,5267,5266
3626,5267,5217
3627,5316,5340
3628,5267,5242
3629,5316,5340
3630,5316,5291
3631,5291,5291
3632,5193,5242
3633,5266,5267
3634,5144,5193
3635,5218,5168
3636,5291,5291
3637,5218,5267
3638,5291,5242
3639,5242,5291
3640,5340,5267
3641,5267,5291
3642,5316,5340
3643,5316,5316
3644,5291,5316
3645,5266,5242
3646,5291,5266
3647,5242,5291
3648,5315,5291
3649,5242,5218
3650,5291,5291
3651,5193,5193
3652,5267,5267
3653,5291,5291
3654,5315,5291
3655,5266,5291
3656,5340,5364
3657,5267,5266
3658,5267,5266
3659,5291,5291
3660,5291,5267
3661,5340,5365
3662,5218,5242
3663,5316,5291
3664,5316,5291
3665,5291,5315
3666,5242,5242
3667,5291,5291
3668,5315,5340
3669,5193,5218
3670,5266,5242
3671,5291,5291
3672,5340,5315
3673,5266,5242
3674,5315,5340
3675,5266,5266
3676,5266,5291
3677,5242,5242
3678,5291,5242
3679,5291,5291
3680,5340,5364
3681,5168,5217
3682,5266,5217
3683,5291,5291
3684,5291,5291
3685,5266,5291
3686,5217,5218
3687,5340,5291
3688,5316,5340
3689,5267,5291
3690,5291,5291
3691,5266,5242
3692,5291,5291
3693,5291,5316
3694,5242,5193
3695,5364,5340
3696,5217,5291
3697,5315,5266
3698,5217,5266
3699,5242,5168
3700,5291,5315
3701,5266,5266
3702,5266,5266
3703,5242,5266
3704,5316,5315
3705,5316,5291
3706,5389,5365
3707,5193,5218
3708,5316,5316
3709,5267,5291
3710,5267,5218
3711,5291,5267
3712,5315,5316
3713,5291,5316
3714,5242,5266
3715,5242,5217
3716,5316,5291
3717,5291,5291
3718,5266,5267
3719,5364,5340
3720,5242,5266
3721,5266,5266
3722,5266,5291
3723,5242,5242
3724,5291,5291
3725,5315,5267
3726,5217,5242
3727,5266,5291
3728,5217,5218
3729,5291,5242
3730,5316,5316
3731,5267,5218
3732,5365,5414
3733,5242,5242
3734,5291,5315
3735,5315,5315
3736,5291,5266
3737,5242,5291
3738,5291,5291
3739,5242,5217
3740,5315,5291
3741,5193,5267
3742,5316,5267
3743,5267,5340
3744,5291,5217
3745,5242,5242
3746,5242,5267
3747,5291,5291
3748,5316,5291
3749,5267,5267
3750,5242,5267
3751,5364,5340
3752,5315,5340
3753,5340,5316
3754,5242,5218
3755,5266,5267
3756,5266,5291
3757,5266,5242
3758,5266,5316
3759,5291,5316
3760,5266,5242
3761,5291,5315
3762,5291,5291
3763,5218,5218
3764,5365,5389
3765,5267,5266
3766,5291,5291
3767,5291,5316
3768,5291,5218
3769,5266,5291
3770,5291,5266
3771,5242,5267
3772,5315,5291
3773,5242,5242
3774,5267,5267
3775,5316,5340
3776,5291,5242
3777,5291,5316
3778,5316,5291
3779,5267,5315
3780,5242,5242
3781,5193,5193
3782,5365,5340
3783,5316,5316
3784,5242,5242
3785,5340,5364
3786,5218,5242
3787,5316,5242
3788,5291,5340
3789,5217,5218
3790,5315,5316
3791,5364,5291
3792,5315,5364
3793,5242,5266
3794,5291,5267
3795,5193,5169
3796,5315,5316
3797,5168,5193
3798,5291,5291
3799,5291,5291
3800,5266,5266
3801,5242,5242
3802,5315,5316
3803,5291,5340
3804,5267,5266
3805,5267,5266
3806,5315,5315
3807,5291,5291
3808,5218,5242
3809,5340,5340
3810,5291,5291
3811,5315,5291
3812,5340,5340
3813,5291,5193
3814,5217,5340
3815,5315,5291
3816,5193,5193
3817,5291,5291
3818,5266,5291
3819,5242,5267
3820,5315,5291
3821,5217,5217
3822,5291,5291
3823,5316,5291
3824,5291,5291
3825,5266,5266
3826,5242,5266
3827,5242,5266
3828,5340,5291
3829,5218,5218
3830,5316,5291
3831,5218,5291
3832,5291,5242
3833,5291,5340
3834,5291,5242
3835,5266,5266
3836,5315,5315
3837,5291,5315
3838,5291,5315
3839,5340,5291
3840,5193,5120
3841,5315,5389
3842,5168,5193
3843,5291,5291
3844,5168,5168
3845,5266,5242
3846,5168,5242
3847,5291,5242
3848,5267,5291
3849,5315,5291
3850,5242,5291
3851,5316,5242
3852,5291,5291
3853,5217,5242
3854,5340,5315
3855,5267,5217
3856,5291,5316
3857,5266,5267
3858,5266,5242
3859,5266,5266
3860,5242,5217
3861,5218,5266
3862,5316,5291
3863,5266,5267
3864,5291,5291
3865,5291,5340
3866,5266,5242
3867,5315,5340
3868,5218,5218
3869,5242,5267
3870,5315,5315
3871,5266,5242
3872,5266,5267
3873,5291,5242
3874,5267,5315
3875,5291,5291
3876,5193,5193
3877,5340,5291
3878,5291,5291
3879,5291,5315
3880,5266,5266
3881,5364,5315
3882,5291,5315
3883,5242,5291
3884,5315,5291
3885,5217,5218
3886,5340,5316
3887,5218,5218
3888,5316,5340
3889,5242,5242
3890,5291,5267
3891,5242,5242
3892,5266,5242
3893,5291,5316
3894,5267,5267
3895,5267,5291
3896,5315,5315
3897,5291,5291
3898,5267,5267
3899,5316,5365
3900,5242,5193
3901,5193,5266
3902,5315,5266
3903,5315,5316
3904,5168,5193
3905,5291,5217
3906,5242,5315
3907,5365,5291
3908,5169,5217
3909,5267,5242
3910,5242,5242
3911,5315,5291
3912,5340,5316
3913,5267,5291
3914,5267,5315
3915,5266,5266
3916,5266,5266
3917,5242,5266
3918,5267,5266
3919,5242,5266
3920,5316,5266
3921,5242,5291
3922,5315,5291
3923,5193,5217
3924,5266,5242
3925,5291,5291
3926,5267,5291
3927,5291,5316
3928,5340,5291
3929,5291,5291
3930,5291,5340
3931,5267,5266
3932,5242,5217
3933,5291,5315
3934,5266,5266
3935,5291,5291
3936,5340,5340
3937,5267,5291
3938,5340,5316
3939,5316,5340
3940,5242,5291
3941,5266,5316
3942,5266,5242
3943,5291,5242
3944,5340,5365
3945,5267,5267
3946,5316,5340
3947,5193,5193
3948,5291,5267
3949,5169,5218
3950,5193,5119
3951,5217,5267
3952,5413,5267
3953,5315,5389
3954,5242,5242
3955,5193,5242
3956,5315,5266
3957,5389,5364
3958,5316,5315
3959,5316,5364
3960,5267,5266
3961,5291,5291
3962,5267,5267
3963,5291,5291
3964,5217,5242
3965,5266,5267
3966,5217,5218
3967,5364,5316
3968,5340,5316
3969,5218,5267
3970,5242,5291
3971,5315,5242
3972,5267,5316
3973,5218,5242
3974,5267,5266
3975,5267,5242
3976,5365,5316
3977,5242,5267
3978,5315,5340
3979,5217,5218
3980,5291,5291
3981,5267,5266
3982,5267,5217
3983,5340,5340
3984,5364,5315
3985,5315,5364
3986,5315,5315
3987,5242,5266
3988,5242,5242
3989,5291,5316
3990,5193,5144
3991,5316,5340
3992,5291,5291
3993,5291,5266
3994,5169,5242
3995,5316,5242
3996,5242,5291
3997,5291,5242
3998,5242,5266
3999,5291,5315
4000,5365,5291
4001,5267,5218
4002,5316,5389
4003,5267,5291
4004,5340,5315
4005,5291,5266
4006,5291,5315
4007,5291,5315
4008,5389,5315
4009,5266,5291
4010,5315,5340
4011,5242,5242
4012,5267,5316
4013,5267,5218
4014,5242,5242
4015,5316,5340
4016,5340,5316
4017,5266,5316
4018,5242,5218
4019,5340,5340
4020,5266,5242
4021,5291,5316
4022,5218,5242
4023,5316,5291
4024,5340,5340
4025,5218,5266
4026,5316,5340
4027,5291,5242
4028,5291,5315
4029,5291,5291
4030,5217,5193
4031,5193,5193
4032,5316,5267
4033,5267,5242
4034,5291,5340
4035,5242,5218
4036,5316,5340
4037,5267,5266
4038,5242,5242
4039,5242,5242
4040,5315,5315
4041,5217,5291
4042,5340,5242
4043,5193,5242
4044,5266,5267
4045,5242,5291
4046,5242,5217
4047,5291,5291
4048,5316,5242
4049,5267,5315
4050,5291,5266
4051,5266,5291
4052,5316,5291
4053,5316,5340
4054,5193,5218
4055,5291,5291
4056,5267,5242
4057,5266,5316
4058,5364,5340
4059,5266,5266
4060,5217,5266
4061,5266,5242
4062,5291,5291
4063,5291,5291
4064,5340,5291
4065,5291,5291
4066,5291,5315
4067,5242,5266
4068,5291,5291
4069,5266,5267
4070,5266,5267
4071,5267,5267
4072,5316,5291
4073,5218,5291
4074,5316,5291
4075,5291,5266
4076,5242,5291
4077,5316,5267
4078,5193,5242
4079,5389,5364
4080,5316,5266
4081,5267,5291
4082,5267,5242
4083,5267,5291
4084,5218,5217
4085,5291,5242
4086,5217,5242
4087,5340,5291
4088,5634,5316
4089,5266,5659
4090,5291,5291
4091,5242,5217
4092,5316,5340
4093,5267,5291
4094,5267,5266
4095,5242,5291
4096,5316,5242
4097,5193,5266
4098,5266,5242
4099,5242,5218
4100,5291,5316
4101,5218,5218
4102,5242,5291
4103,5291,5266
4104,5340,5291
4105,5315,5365
4106,5266,5267
4107,5266,5242
4108,5242,5291
4109,5266,5242
4110,5242,5291
4111,5291,5242
4112,5217,5242
4113,5266,5267
4114,5316,5291
4115,5242,5291
4116,5315,5340
4117,5315,5266
4118,5266,5291
4119,5340,5316
4120,5267,5242
4121,5267,5267
4122,5291,5316
4123,5266,5218
4124,5291,5340
4125,4458,5217
4126,5291,5315
4127,5266,5266
4128,5340,5315
4129,5218,5291
4130,5218,5168
4131,5267,5266
4132,5291,5266
4133,5291,5315
4134,5266,5315
4135,5389,5340
4136,5242,5217
4137,5364,5364
4138,5217,5193
4139,5291,5291
4140,5291,5340
4141,5266,5217
4142,5266,5266
4143,5291,5266
4144,5144,5193
4145,5340,5340
4146,5267,5218
4147,5266,5316
4148,5217,5193
4149,5242,5266
4150,5291,5315
4151,5340,5193
4152,5316,5389
4153,5267,5315
4154,5291,5291
4155,5242,5242
4156,5316,5266
4157,5169,5217
4158,5242,5242
4159,5291,5291
4160,5291,5266
4161,5291,5291
4162,5291,5291
4163,5316,5340
4164,5316,5316
4165,5291,5291
4166,5242,5266
4167,5340,5340
4168,5242,5218
4169,5291,5316
4170,5291,5242
4171,5267,5291
4172,5291,5291
4173,5291,5267
4174,5291,5267
4175,5340,5365
4176,5291,5316
4177,5316,5266
4178,5291,5340
4179,5217,5242
4180,5291,5242
4181,5193,5218
4182,5365,5365
4183,5242,5242
4184,5291,5315
4185,5291,5315
4186,5267,5242
4187,5340,5340
4188,5266,5266
4189,5291,5291
4190,5316,5291
4191,5291,5340
4192,5242,5242
4193,5291,5266
4194,5242,5217
4195,5267,5291
4196,5267,5267
4197,5242,5242
4198,5315,5291
4199,5291,5291
4200,5316,5316
4201,5316,5315
4202,5291,5266
4203,5291,5315
4204,5291,5315
4205,5266,5266
4206,5340,5340
4207,5291,5291
4208,5315,5315
4209,5266,5291
4210,5266,5242
4211,5266,5291
4212,5340,5291
4213,5218,5266
4214,5291,5242
4215,5242,5291
4216,5291,5291
4217,5315,5267
4218,5291,5291
4219,5291,5340
4220,5266,5242
4221,5242,5266
4222,5267,5266
4223,5316,5291
4224,5316,5316
4225,5242,5267
4226,5217,5218
4227,5340,5291
4228,5316,5291
4229,5168,5291
4230,5315,5291
4231,5291,5291
4232,5267,5291
4233,5291,5291
4234,5217,5193
4235,5291,5291
4236,5291,5291
4237,5168,5193
4238,5315,5316
4239,5291,5267
4240,5291,5316
4241,5364,5316
4242,5242,5242
4243,5218,5291
4244,5242,5218
4245,5217,5218
4246,5340,5291
4247,5218,5242
4248,5316,5316
4249,5242,5217
4250,5291,5291
4251,5316,5316
4252,5218,5218
4253,5267,5291
4254,5291,5267
4255,5315,5316
4256,5291,5267
4257,5291,5340
4258,5267,5217
4259,5267,5340
4260,5242,5218
4261,5267,5291
4262,5316,5315
4263,5316,5291
4264,5218,5267
4265,5340,5291
4266,5218,5266
4267,5291,5266
4268,5266,5267
4269,5217,5218
4270,5340,5316
4271,5267,5267
4272,5365,5365
4273,5291,5316
4274,5242,5242
4275,5242,5242
4276,5242,5242
4277,5266,5291
4278,5291,5267
4279,5242,5242
4280,5291,5315
4281,5242,5266
4282,5267,5266
4283,5316,5315
4284,5291,5242
4285,5291,5316
4286,5218,5242
4287,5267,5266
4288,5291,5291
4289,5316,5316
4290,5267,5267
4291,5340,5315
4292,5168,5193
4293,5242,5218
4294,5242,5218
4295,5266,5316
4296,5340,5316
4297,5242,5242
4298,5315,5291
4299,5340,5340
4300,5267,5315
4301,5218,5266
4302,5340,5291
4303,5242,5218
4304,5266,5291
4305,5242,5266
4306,5267,5266
4307,5267,5266
4308,5291,5266
4309,5291,5291
4310,5340,5340
4311,5267,5291
4312,5316,5291
4313,5291,5291
4314,5217,5242
4315,5340,5315
4316,5242,5242
4317,5315,5291
4318,5315,5291
4319,5291,5340
4320,5267,5291
4321,5316,5218
4322,5291,5291
4323,5315,5340
4324,5291,5291
4325,5291,5316
4326,5242,5242
4327,5242,5242
4328,5389,5365
4329,5193,5218
4330,5316,5340
4331,5291,5266
4332,5242,5242
4333,5242,5291
4334,5291,5266
4335,5193,5193
4336,5340,5291
4337,5242,5266
4338,5291,5291
4339,5218,5218
4340,5291,5267
4341,5291,5291
4342,5267,5266
4343,5291,5316
4344,5315,5316
4345,5266,5267
4346,5316,5316
4347,5267,5291
4348,5267,5242
4349,5267,5291
4350,5291,5266
4351,5291,5291
4352,5365,5365
4353,5291,5291
4354,5291,5315
4355,5315,5291
4356,5266,5291
4357,5217,5242
4358,5291,5291
4359,5218,5242
4360,5364,5316
4361,5217,5193
4362,5340,5389
4363,5193,5193
4364,5291,5291
4365,5242,5242
4366,5291,5291
4367,5242,5267
4368,5315,5291
4369,5193,5193
4370,5267,5267
4371,5218,5217
4372,5291,5267
4373,5315,5291
4374,5266,5242
4375,5315,5316
4376,5315,5340
4377,5340,5364
4378,5291,5291
4379,5242,5193
4380,5218,5266
4381,5316,5315
4382,5218,5217
4383,5340,5291
4384,5266,5267
4385,5315,5315
4386,5315,5340
4387,5242,5242
4388,5291,5266
4389,5242,5266
4390,5242,5218
4391,5242,5267
4392,5291,5242
4393,5266,5242
4394,5291,5316
4395,5218,5242
4396,5316,5291
4397,5242,5267
4398,5242,5242
4399,5242,5242
4400,5291,5266
4401,5291,5291
4402,5316,5291
4403,5242,5266
4404,5266,5242
4405,5291,5315
4406,5267,5242
4407,5364,5365
4408,5291,5316
4409,5267,5267
4410,5193,5242
4411,5266,5217
4412,5315,5315
4413,5242,5217
4414,5267,5291
4415,5291,5315
4416,5364,5242
4417,5315,5365
4418,5291,5340
4419,5267,5242
4420,5316,5316
4421,5316,5291
4422,5291,5315
4423,5266,5266
4424,5340,5267
4425,5193,5267
4426,5315,5291
4427,5266,5242
4428,5291,5340
4429,5218,5217
4430,5267,5266
4431,5291,5266
4432,5291,5266
4433,5291,5364
4434,5340,5315
4435,5266,5266
4436,5340,5315
4437,5267,5315
4438,5267,5266
4439,5316,5291
4440,5217,5218
4441,5315,5316
4442,5168,5193
4443,5266,5266
4444,5315,5291
4445,5218,5242
4446,5267,5315
4447,5291,5291
4448,5315,5291
4449,5266,5291
4450,5340,5316
4451,5218,5193
4452,5365,5389
4453,5291,5316
4454,5315,5267
4455,5193,5267
4456,5316,5193
4457,5169,5267
4458,5291,5242
4459,5266,5291
4460,5266,5242
4461,5193,5218
4462,5291,5242
4463,5340,5340
4464,5365,5316
4465,5316,5389
4466,5316,5291
4467,5291,5316
4468,5266,5267
4469,5218,5218
4470,5242,5267
4471,5291,5291
4472,5365,5291
4473,5340,5365
4474,5266,5291
4475,5315,5291
4476,5315,5365
4477,5193,5169
4478,5291,5291
4479,5242,5266
4480,5340,5267
4481,5266,5316
4482,5291,5267
4483,5193,5218
4484,5266,5267
4485,5193,5193
4486,5267,5266
4487,5242,5217
4488,5291,5217
4489,5267,5340
4490,5291,5291
4491,5266,5242
4492,5316,5340
4493,5218,5242
4494,5267,5291
4495,5316,5315
4496,5291,5242
4497,5364,5365
4498,5291,5291
4499,5267,5315
4500,5218,5266
4501,5267,5193
4502,5266,5291
4503,5315,5291
4504,5364,5340
4505,5291,5364
4506,5291,5266
4507,5291,5266
4508,5365,5413
4509,5193,5168
4510,5315,5340
4511,5340,5291
4512,5316,5291
4513,5193,5291
4514,5291,5242
4515,5193,5218
4516,5291,5291
4517,5193,5193
4518,5315,5316
4519,5242,5242
4520,5340,5266
4521,5315,5364
4522,5217,5217
4523,5291,5291
4524,5218,5267
4525,5316,5267
4526,5340,5316
4527,5291,5316
4528,5218,5267
4529,5316,5291
4530,5218,5193
4531,5291,5267
4532,5217,5267
4533,5266,5242
4534,5217,5266
4535,5315,5266
4536,5242,5242
4537,5389,5389
4538,5266,5291
4539,5266,5267
4540,5365,5365
4541,5169,5218
4542,18644,5316
4543,5414,18693
4544,5291,5316
4545,5242,5267
4546,5291,5218
4547,5266,5291
4548,5487,5413
4549,5389,5462
4550,5266,5315
4551,5242,5193
4552,5218,5218
4553,5242,5316
4554,5217,5169
4555,5217,5267
4556,5364,5316
4557,5315,5291
4558,5266,5315
4559,5340,5315
4560,5242,5217
4561,5315,5340
4562,5193,5169
4563,5316,5291
4564,5536,5291
4565,6026,6173
4566,5512,5585
4567,5169,5242
4568,5291,5242
4569,5144,5193
4570,5438,5389
4571,5242,5193
4572,5267,5315
4573,5291,5266
4574,5266,5266
4575,5266,5315
4576,5266,5217
4577,5242,5291
4578,5291,5267
4579,5291,5291
4580,5266,5291
4581,5242,5267
4582,5291,5267
4583,5266,5267
4584,5364,5340
4585,5291,5315
4586,5634,5389
4587,5854,6026
4588,5266,5315
4589,5119,5193
4590,5291,5193
4591,5291,5340
4592,5364,5340
4593,5217,5193
4594,5291,5315
4595,5242,5193
4596,5266,5291
4597,5217,5267
4598,5340,5242
4599,5291,5340
4600,5242,5242
4601,5242,5266
4602,5217,5217
4603,5316,5291
4604,5193,5218
4605,5340,5340
4606,6051,5585
4607,5659,5977
4608,6271,6197
4609,5193,5438
4610,5291,5267
4611,5315,5340
4612,5364,5266
4613,5291,5340
4614,5267,5291
4615,5291,5315
4616,5242,5242
4617,5266,5267
4618,5242,5218
4619,5267,5316
4620,5267,5267
4621,5291,5242
4622,5266,5291
4623,5364,5365
4624,5266,5267
4625,5217,5218
4626,5291,5267
4627,5242,5267
4628,5364,5340
4629,5193,5193
4630,5340,5365
4631,5315,5267
4632,5217,5291
4633,5217,5218
4634,5242,5193
4635,5193,5242
4636,5267,5218
4637,5144,5218
4638,5266,5242
4639,5242,5217
4640,5291,5291
4641,5217,5218
4642,5217,5242
4643,5242,5217
4644,5218,5217
4645,5340,5315
4646,5266,5291
4647,5315,5316
4648,5193,5242
4649,5316,5266
4650,5340,5266
4651,5266,5340
4652,5266,5242
4653,5217,5291
4654,5242,5193
4655,5291,5266
4656,5242,5291
4657,5218,5169
4658,5242,5267
4659,5315,5291
4660,5168,5168
4661,5217,5315
4662,5266,5193
4663,5242,5267
4664,5266,5267
4665,5242,5218
4666,5242,5266
4667,5315,5291
4668,5266,5267
4669,5242,5242
4670,5291,5266
4671,5217,5266
4672,5217,5242
4673,5193,5144
4674,5266,5266
4675,5291,5291
4676,5267,5266
4677,5193,5266
4678,5291,5168
4679,5193,5266
4680,5266,5266
4681,5291,5266
4682,5242,5266
4683,5315,5266
4684,5193,5242
4685,5291,5267
4686,5364,5340
4687,5266,5315
4688,5340,5291
4689,5267,5267
4690,5242,5267
4691,5266,5242
4692,5291,5316
4693,5242,5218
4694,5242,5218
4695,5316,5315
4696,5316,5315
4697,5217,5242
4698,5291,5316
4699,5242,5193
4700,5315,5340
4701,5242,5242
4702,5316,5291
4703,5242,5267
4704,5266,5267
4705,5217,5242
4706,5340,5291
4707,5291,5291
4708,5266,5291
4709,5266,5291
4710,5266,5242
4711,5242,5242
4712,5267,5266
4713,5218,5242
4714,5365,5340
4715,5316,5315
4716,5316,5291
4717,5267,5291
4718,5267,5242
4719,5316,5365
4720,5291,5267
4721,5266,5267
4722,5291,5291
4723,5242,5242
4724,5242,5267
4725,5267,5218
4726,5242,5218
4727,5364,5389
4728,5266,5242
4729,5291,5291
4730,5316,5340
4731,5242,5217
4732,5291,5340
4733,5242,5217
4734,5242,5266
4735,5242,5266
4736,5315,5291
4737,5168,5218
4738,5242,5193
4739,5193,5242
4740,5316,5267
4741,5193,5193
4742,5242,5291
4743,5291,5267
4744,5291,5267
4745,5291,5316
4746,5217,5218
4747,5266,5267
4748,5291,5291
4749,5242,5242
4750,5218,5267
4751,5267,5267
4752,5242,5218
4753,5291,5316
4754,5291,5242
4755,5267,5291
4756,5291,5340
4757,5242,5217
4758,5169,5217
4759,5291,5217
4760,5315,5291
4761,5266,5266
4762,5315,5316
4763,5291,5267
4764,5316,5340
4765,5267,5242
4766,5291,5315
4767,5315,5266
4768,5315,5315
4769,5217,5266
4770,5291,5266
4771,5242,5266
4772,5266,5242
4773,5169,5169
4774,5291,5340
4775,5193,5168
4776,5242,5266
4777,5242,5242
4778,5291,5218
4779,5315,5365
4780,5291,5267
4781,5193,5267
4782,5291,5267
4783,5267,5242
4784,5218,5217
4785,5291,5291
4786,5266,5242
4787,5266,5315
4788,5218,5193
4789,5218,5291
4790,5242,5242
4791,5242,5218
4792,5267,5218
4793,5340,5316
4794,5217,5267
4795,5266,5291
4796,5217,5193
4797,5218,5242
4798,5291,5315
4799,5217,5193
4800,5266,5316
4801,5291,5218
4802,5267,5267
4803,5340,5365
4804,5242,5217
4805,5193,5242
4806,5242,5169
4807,5267,5291
4808,5389,5291
4809,5217,5267
4810,5315,5340
4811,5266,5242
4812,5266,5242
4813,5291,5340
4814,5316,5316
4815,5267,5291
4816,5365,5315
4817,5340,5364
4818,5315,5266
4819,5266,5340
4820,5218,5217
4821,5242,5266
4822,5316,5315
4823,5316,5266
4824,5316,5315
4825,5365,5364
4826,5291,5315
4827,5266,5291
4828,5266,5267
4829,5217,5218
4830,5340,5340
4831,5291,5266
4832,5340,5364
4833,5266,5291
4834,5266,5267
4835,5267,5291
4836,5291,5242
4837,5266,5291
4838,5364,5364
4839,5291,5291
4840,5340,5291
4841,5291,5340
4842,5242,5267
4843,5315,5340
4844,5266,5217
4845,5291,5291
4846,5242,5267
4847,5291,5291
4848,5267,5242
4849,5340,5316
4850,5193,5218
4851,5291,5242
4852,5242,5266
4853,5291,5291
4854,5316,5291
4855,5267,5266
4856,5291,5316
4857,5266,5267
4858,5340,5340
4859,5365,5340
4860,5242,5267
4861,5217,5242
4862,5291,5266
4863,5217,5217
4864,5266,5291
4865,5217,5218
4866,5266,5291
4867,5266,5242
4868,5242,5218
4869,5218,5291
4870,5340,5266
4871,5315,5364
4872,5364,5340
4873,5291,5267
4874,5267,5291
4875,5340,5340
4876,5242,5218
4877,5267,5340
4878,5242,5193
4879,5242,5267
4880,5291,5316
4881,5242,5218
4882,5193,5218
4883,5365,5316
4884,5242,5267
4885,5193,5242
4886,5291,5242
4887,5340,5291
4888,5463,5340
4889,5242,5340
4890,5315,5340
4891,5266,5266
4892,5266,5266
4893,5266,5291
4894,5340,5316
4895,5218,5242
4896,5365,5291
4897,5242,5291
4898,5340,5340
4899,5291,5316
4900,5242,5242
4901,5242,5242
4902,5267,5242
4903,5291,5340
4904,5266,5291
4905,5266,5242
4906,5340,5316
4907,5291,5267
4908,5242,5316
4909,5168,5193
4910,5291,5266
4911,5291,5266
4912,5242,5315
4913,5291,5242
4914,5316,5340
4915,5291,5266
4916,5242,5242
4917,5316,5340
4918,5340,5340
4919,5242,5242
4920,5315,5315
4921,5242,5242
4922,5267,5291
4923,5193,5193
4924,5291,5267
4925,5291,5267
4926,5315,5316
4927,5242,5266
4928,5340,5266
4929,5267,5340
4930,5291,5267
4931,5217,5267
4932,5291,5267
4933,5267,5291
4934,5291,5242
4935,5315,5365
4936,5315,5291
4937,5266,5291
4938,5266,5291
4939,5315,5242
4940,5193,5218
4941,5291,5291
4942,5193,5193
4943,5316,5291
4944,5389,5340
4945,5218,5291
4946,5291,5316
4947,5193,5218
4948,5340,5291
4949,5291,5315
4950,5266,5266
4951,5315,5315
4952,5389,5340
4953,5218,5267
4954,5291,5291
4955,5193,5193
4956,5316,5291
4957,5267,5315
4958,5291,5266
4959,5315,5291
4960,5364,5365
4961,5340,5389
4962,5242,5217
4963,5291,5315
4964,5266,5291
4965,5242,5217
4966,5267,5266
4967,5316,5266
4968,5218,5193
4969,5267,5340
4970,5169,5193
4971,5291,5242
4972,5266,5266
4973,5315,5291
4974,5266,5316
4975,5315,5291
4976,5340,5291
4977,5242,5267
4978,5291,5340
4979,5242,5217
4980,5291,5315
4981,5291,5266
4982,5266,5266
4983,5266,5291
4984,5389,5316
4985,5193,5267
4986,5291,5267
4987,5242,5242
4988,5242,5266
4989,5316,5315
4990,5267,5242
4991,5315,5340
4992,5340,5291
4993,5267,5340
4994,5291,5315
4995,5266,5217
4996,5291,5266
4997,5267,5291
4998,5242,5267
4999,5340,5316
5000,5316,5291
5001,5291,5340
5002,5267,5291
5003,5242,5218
5004,5340,5267
5005,5267,5291
5006,5316,5340
5007,5242,5291
5008,5364,5315
5009,5217,5266
5010,5315,5266
5011,5193,5193
5012,5267,5267
5013,5218,5242
5014,5291,5242
5015,5291,5291
5016,5316,5291
5017,5242,5340
5018,5315,5242
5019,5291,5316
5020,5267,5291
5021,5267,5242
5022,5267,5267
5023,5340,5340
5024,5291,5266
5025,5291,5315
5026,5193,5217
5027,5218,5217
5028,5218,5193
5029,5291,5316
5030,5193,5193
5031,5340,5364
5032,5267,5193
5033,5340,5365
5034,5291,5316
5035,5242,5242
5036,5291,5315
5037,5242,5266
5038,5291,5291
5039,5267,5291
5040,5316,5242
5041,5242,5340
5042,5266,5242
5043,5242,5218
5044,5267,5291
5045,5218,5217
5046,5291,5291
5047,5291,5267
5048,5340,5340
5049,5267,5291
5050,5242,5242
5051,5315,5291
5052,5316,5389
5053,5291,5242
5054,5193,5242
5055,5291,5242
5056,5266,5242
5057,5267,5291
5058,5267,5291
5059,5267,5242
5060,5316,5315
5061,5242,5217
5062,5315,5315
5063,5340,5242
5064,5242,5365
5065,5266,5316
5066,5291,5242
5067,5266,5266
5068,5315,5340
5069,5266,5267
5070,5266,5291
5071,5340,5291
5072,5291,5242
5073,5242,5291
5074,5316,5291
5075,5218,5242
5076,5365,5340
5077,5193,5193
5078,5315,5291
5079,5291,5315
5080,5193,5217
5081,5364,5364
5082,5266,5193
5083,5266,5365
5084,5266,5218
5085,5266,5267
5086,5193,5242
5087,5315,5291
5088,5217,5218
5089,5242,5267
5090,5242,5193
5091,5266,5266
5092,5119,5144
5093,5242,5218
5094,5218,5242
5095,5316,5266
5096,5242,5291
5097,5242,5242
5098,5218,5266
5099,5267,5217
5100,5340,5315
5101,5217,5242
5102,5340,5340
5103,5242,5242
5104,5340,5291
5105,5218,5242
5106,5291,5316
5107,5291,5291
5108,5291,5266
5109,5242,5266
5110,5266,5266
5111,5242,5242
5112,5438,5291
5113,5291,5462
5114,5291,5266
5115,5365,5364
5116,5267,5267
5117,5267,5291
5118,5340,5315
5119,5266,5242
5120,5193,5242
5121,5291,5291
5122,5266,5242
5123,5217,5266
5124,5218,5217
5125,5267,5291
5126,5291,5316
5127,5291,5218
5128,5266,5291
5129,5340,5340
5130,5267,5242
5131,5316,5315
5132,5291,5291
5133,5291,5267
5134,5316,5340
5135,5193,5193
5136,5266,5291
5137,5315,5242
5138,5266,5291
5139,5168,5217
5140,5266,5242
5141,5144,5218
5142,5315,5267
5143,5193,5267
5144,5315,5242
5145,5315,5340
5146,5242,5242
5147,5291,5266
5148,5266,5242
5149,5340,5365
5150,5291,5291
5151,5291,5291
5152,5340,5315
5153,5291,5291
5154,5193,5242
5155,5315,5291
5156,5266,5217
5157,5266,5291
5158,5266,5242
5159,5291,5267
5160,5414,5365
5161,5193,5242
5162,5316,5340
5163,5218,5218
5164,5291,5316
5165,5291,5267
5166,5291,5316
5167,5242,5242
5168,5242,5266
5169,5242,5217
5170,5266,5315
5171,5340,5291
5172,5267,5242
5173,5242,5291
5174,5266,5266
5175,5217,5242
5176,5340,5267
5177,5315,5340
5178,5291,5315
5179,5316,5315
5180,5291,5168
5181,5291,5389
5182,5218,5242
5183,5316,5291
5184,5242,5267
5185,5315,5267
5186,5193,5218
5187,5291,5291
5188,5193,5217
5189,5218,5217
5190,5316,5291
5191,5242,5267
5192,5315,5316
5193,5242,5242
5194,5316,5315
5195,5242,5242
5196,5291,5291
5197,5291,5316
5198,5242,5218
5199,5315,5267
5200,5291,5291
5201,5242,5291
5202,5291,5291
5203,5291,5266
5204,5291,5266
5205,5267,5315
5206,5242,5242
5207,5242,5242
5208,5267,5266
5209,5291,5291
5210,5242,5267
5211,5266,5242
5212,5242,5291
5213,5340,5267
5214,5266,5291
5215,5340,5315
5216,5316,5315
5217,5316,5315
5218,5267,5291
5219,5316,5291
5220,5291,5315
5221,5266,5340
5222,5266,5218
5223,5315,5291
5224,5340,5340
5225,5218,5218
5226,5316,5340
5227,5267,5266
5228,5315,5291
5229,5315,5316
5230,5266,5242
5231,5193,5267
5232,5291,5242
5233,5193,5242
5234,5291,5267
5235,5242,5267
5236,5266,5242
5237,5266,5266
5238,5193,5217
5239,5340,5315
5240,5315,5340
5241,5315,5316
5242,5316,5316
5243,5316,5291
5244,5218,5242
5245,5291,5316
5246,5291,5242
5247,5291,5315
5248,5340,5315
5249,5291,5315
5250,5291,5340
5251,5291,5218
5252,5291,5291
5253,5316,5364
5254,5316,5315
5255,5291,5291
5256,5389,5316
5257,5267,5316
5258,5267,5291
5259,5267,5266
5260,5365,5291
5261,5242,5316
5262,5217,5218
5263,5315,5291
5264,5315,5340
5265,5267,5291
5266,5266,5291
5267,5242,5242
5268,5316,5291
5269,5316,5340
5270,5218,5193
5271,5316,5291
5272,5316,5340
5273,5316,5291
5274,5218,5291
5275,5267,5193
5276,5291,5291
5277,5266,5266
5278,5266,5291
5279,5266,5291
5280,5365,5340
5281,5218,5242
5282,5340,5340
5283,5242,5242
5284,5291,5291
5285,5242,5242
5286,5242,5242
5287,5242,5267
5288,5315,5291
5289,5291,5315
5290,5267,5266
5291,5242,5242
5292,5242,5267
5293,5267,5242
5294,5291,5266
5295,5266,5266
5296,5266,5266
5297,5291,5291
5298,5340,5291
5299,5217,5242
5300,5266,5291
5301,5168,5144
5302,5291,5291
5303,5315,5315
5304,5316,5315
5305,5291,5315
5306,5291,5340
5307,5242,5218
5308,5316,5316
5309,5291,5267
5310,5242,5291
5311,5291,5291
5312,5315,5316
5313,5315,5267
5314,5266,5291
5315,5217,5217
5316,5315,5340
5317,5291,5242
5318,5267,5291
5319,5267,5242
5320,5316,5340
5321,5267,5291
5322,5340,5266
5323,5266,5315
5324,5291,5315
5325,5316,5340
5326,5242,5242
5327,5389,5315
5328,5267,5291
5329,5267,5266
5330,5291,5291
5331,5266,5242
5332,5267,5242
5333,5291,5316
5334,5266,5316
5335,5242,5242
5336,5242,5242
5337,5316,5291
5338,5267,5291
5339,5267,5242
5340,5340,5365
5341,5242,5218
5342,5266,5291
5343,5291,5315
5344,5291,5291
5345,5168,5193
5346,5316,5242
5347,5218,5267
5348,5291,5291
5349,5193,5218
5350,5315,5291
5351,5315,5291
5352,5291,5291
5353,5365,5389
5354,5316,5316
5355,5291,5291
5356,5266,5266
5357,5291,5291
5358,5291,5316
5359,5315,5291
5360,5193,5217
5361,5242,5217
5362,5193,5217
5363,5316,5291
5364,5267,5316
5365,5291,5193
5366,5315,5364
5367,5266,5291
5368,5266,5266
5369,5266,5217
5370,5315,5315
5371,5217,5217
5372,5315,5340
5373,5242,5218
5374,5291,5291
5375,5267,5291
5376,5242,5267
5377,5217,5242
5378,5291,5242
5379,5242,5267
5380,5316,5316
5381,5218,5193
5382,5291,5267
5383,5315,5365
5384,5242,5193
5385,5267,5340
5386,5242,5193
5387,5315,5316
5388,5340,5267
5389,5242,5291
5390,5291,5266
5391,5291,5340
5392,5193,5193
5393,5340,5291
5394,5168,5193
5395,5291,5315
5396,5316,5291
5397,5242,5242
5398,5340,5315
5399,5242,5291
5400,5242,5267
5401,5316,5267
5402,5242,5267
5403,5316,5267
5404,5291,5340
5405,5217,5218
5406,5242,5242
5407,5267,5266
5408,5291,5291
5409,5242,5242
5410,5266,5242
5411,5291,5315
5412,5291,5242
5413,5217,5267
5414,5315,5291
5415,5291,5315
5416,5242,5266
5417,5315,5266
5418,5242,5217
5419,5316,5364
5420,5267,5242
5421,5291,5291
5422,5217,5242
5423,5315,5267
5424,5266,5291
5425,5315,5315
5426,5266,5266
5427,5315,5315
5428,5266,5291
5429,5242,5218
5430,5340,5365
5431,5266,5242
5432,5291,5291
5433,5291,5316
5434,5266,5267
5435,5217,5218
5436,5266,5242
5437,5217,5242
5438,5242,5217
5439,5193,5193
5440,5364,5291
5441,5217,5266
5442,5266,5242
5443,5242,5242
5444,5267,5242
5445,5267,5315
5446,5291,5266
5447,5242,5266
5448,5340,5291
5449,5315,5365
5450,5291,5267
5451,5316,5340
5452,5218,5217
5453,5242,5266
5454,5315,5291
5455,5291,5267
5456,5291,5242
5457,5291,5315
5458,5267,5315
5459,5291,5266
5460,5242,5266
5461,5242,5242
5462,5267,5291
5463,5267,5242
5464,5365,5316
5465,5316,5340
5466,5242,5266
5467,5266,5315
5468,5217,5193
5469,5266,5242
5470,5242,5242
5471,5242,5267
5472,5340,5291
5473,5267,5291
5474,5340,5316
5475,5315,5340
5476,5242,5242
5477,5291,5291
5478,5340,5291
5479,5291,5315
5480,5291,5266
5481,5291,5291
5482,5242,5242
5483,5365,5340
5484,5193,5242
5485,5291,5291
5486,5316,5291
5487,5291,5291
5488,5364,5340
5489,5266,5267
5490,5266,5266
5491,5291,5267
5492,5242,5242
5493,5217,5217
5494,5291,5291
5495,5291,5291
5496,5340,5340
5497,5242,5242
5498,5291,5315
5499,5266,5266
5500,5242,5266
5501,5218,5242
5502,5340,5267
5503,5266,5267
5504,5364,5340
5505,5315,5389
5506,5217,5242
5507,5340,5291
5508,5218,5218
5509,5291,5291
5510,5340,5316
5511,5267,5291
5512,5364,5340
5513,5315,5316
5514,5217,5242
5515,5291,5267
5516,5267,5267
5517,5242,5267
5518,5291,5266
5519,5291,5315
5520,5340,5315
5521,5266,5217
5522,5315,5364
5523,5291,5291
5524,5267,5291
5525,5193,5217
5526,5266,5217
5527,5193,5193
5528,5365,5291
5529,5218,5291
5530,5340,5291
5531,5266,5267
5532,5291,5267
5533,5291,5340
5534,5242,5218
5535,5316,5316
5536,5340,5316
5537,5242,5267
5538,5316,5316
5539,5316,5340
5540,5242,5242
5541,5315,5291
5542,5217,5242
5543,5315,5316
5544,5291,5242
5545,5340,5340
5546,5242,5242
5547,5291,5315
5548,5291,5315
5549,5291,5266
5550,5291,5291
5551,5242,5267
5552,5364,5316
5553,5242,5267
5554,5316,5316
5555,5218,5218
5556,5291,5291
5557,5242,5291
5558,5242,5193
5559,5242,5266
5560,5340,5266
5561,5242,5291
5562,5291,5291
5563,5291,5291
5564,5242,5315
5565,5218,5217
5566,5242,5168
5567,5242,5315
5568,5340,5242
5569,5266,5291
5570,5266,5266
5571,5315,5315
5572,5217,5217
5573,5315,5291
5574,5217,5267
5575,5291,5267
5576,5291,5267
5577,5266,5340
5578,5267,5291
5579,5242,5193
5580,5291,5315
5581,5316,5315
5582,5267,5242
5583,5218,5242
5584,5291,5218
5585,5242,5267
5586,5340,5389
5587,5242,5193
5588,5267,5267
5589,5193,5218
5590,5242,5242
5591,5193,5242
5592,5340,5242
5593,5169,5242
5594,5267,5218
5595,5242,5242
5596,5266,5242
5597,5242,5291
5598,5242,5242
5599,5316,5266
5600,5242,5266
5601,5315,5315
5602,5315,5291
5603,5291,5316
5604,5267,5291
5605,5291,5267
5606,5242,5267
5607,5291,5242
5608,5193,5217
5609,5291,5291
5610,5315,5291
5611,5291,5291
5612,5217,5267
5613,5217,5193
5614,5266,5291
5615,5266,5242
5616,5291,5242
5617,5291,5291
5618,5340,5438
5619,5267,5217
5620,5340,5364
5621,5193,5193
5622,5316,5291
5623,5291,5340
5624,5585,5242
5625,5340,5683
5626,5267,5242
5627,5267,5315
5628,5291,5266
5629,5242,5291
5630,5365,5316
5631,5316,5340
5632,5193,5168
5633,5217,5242
5634,5266,5267
5635,5291,5267
5636,5193,5242
5637,5267,5242
5638,5169,5242
5639,5316,5242
5640,5242,5242
5641,5340,5315
5642,5242,5291
5643,5266,5267
5644,5315,5267
5645,5193,5218
5646,5340,5340
5647,5315,5340
5648,5315,5291
5649,5267,5315
5650,5267,5242
5651,5218,5267
5652,5316,5291
5653,5193,5193
5654,5291,5267
5655,5291,5267
5656,5291,5316
5657,5242,5291
5658,5291,5193
5659,5291,5365
5660,5291,5267
5661,5266,5316
5662,5291,5291
5663,5340,5315
5664,5242,5217
5665,5340,5389
5666,5242,5242
5667,5242,5266
5668,5340,5266
5669,5242,5266
5670,5291,5315
5671,5242,5242
5672,5364,5316
5673,5315,5340
5674,5242,5242
5675,5316,5291
5676,5365,5389
5677,5193,5193
5678,5316,5316
5679,5242,5242
5680,5315,5291
5681,5217,5291
5682,5291,5218
5683,5242,5242
5684,5340,5364
5685,5218,5242
5686,5242,5242
5687,5315,5217
5688,5315,5340
5689,5291,5316
5690,5218,5217
5691,5316,5315
5692,5291,5291
5693,5267,5267
5694,5291,5315
5695,5315,5266
5696,5291,5291
5697,5291,5291
5698,5217,5217
5699,5340,5340
5700,5291,5316
5701,5267,5267
5702,5340,5316
5703,5242,5267
5704,5291,5340
5705,5266,5217
5706,5267,5291
5707,5242,5242
5708,5266,5266
5709,5266,5291
5710,5340,5316
5711,5193,5193
5712,5291,5315
5713,5267,5266
5714,5291,5266
5715,5291,5291
5716,5340,5365
5717,5267,5291
5718,5242,5266
5719,5315,5291
5720,5291,5242
5721,5316,5340
5722,5242,5169
5723,5266,5365
5724,5291,5267
5725,5266,5267
5726,5315,5340
5727,5315,5315
5728,5193,5242
5729,5340,5242
5730,5242,5291
5731,5291,5291
5732,5291,5315
5733,5267,5266
5734,5340,5315
5735,5267,5291
5736,5291,5291
5737,5364,5340
5738,5217,5242
5739,5266,5242
5740,5315,5291
5741,5266,5316
5742,5242,5242
5743,5242,5242
5744,5267,5267
5745,5267,5267
5746,5267,5242
5747,5316,5316
5748,5267,5267
5749,5267,5267
5750,5242,5291
5751,5266,5266
5752,5340,5291
5753,5316,5316
5754,5242,5242
5755,5291,5315
5756,5267,5291
5757,5291,5242
5758,5340,5315
5759,5291,5315
5760,5340,5340
5761,5316,5340
5762,5291,5266
5763,5291,5291
5764,5316,5291
5765,5242,5242
5766,5291,5316
5767,5193,5144
5768,5266,5266
5769,5242,5266
5770,5316,5266
5771,5218,5266
5772,5340,5266
5773,5217,5291
5774,5242,5242
5775,5267,5266
5776,5291,5291
5777,5316,5291
5778,5291,5315
5779,5315,5340
5780,5242,5218
5781,5242,5291
5782,5267,5242
5783,5242,5267
5784,5193,5193
5785,5242,5217
5786,5193,5193
5787,5291,5340
5788,5218,5217
5789,5267,5266
5790,5267,5242
5791,5316,5291
5792,5193,5291
5793,5266,5193
5794,5291,5291
5795,5291,5291
5796,5266,5266
5797,5242,5242
5798,5291,5316
5799,5266,5291
5800,5291,5291
5801,5267,5267
5802,5267,5291
5803,5267,5266
5804,5266,5242
5805,5291,5291
5806,5267,5266
5807,5242,5291
5808,5291,5316
5809,5267,5218
5810,5267,5291
5811,5315,5315
5812,5266,5291
5813,5291,5316
5814,5266,5242
5815,5267,5291
5816,5291,5316
5817,5291,5267
5818,5291,5291
5819,5315,5291
5820,5217,5267
5821,5168,5193
5822,5291,5266
5823,5267,5291
5824,5316,5267
5825,5242,5267
5826,5340,5316
5827,5291,5316
5828,5291,5291
5829,5291,5266
5830,5340,5315
5831,5193,5266
5832,5291,5266
5833,5218,5193
5834,5291,5291
5835,5266,5266
5836,5315,5315
5837,5193,5266
5838,5316,5217
5839,5266,5340
5840,5266,5242
5841,5266,5267
5842,5266,5267
5843,5315,5291
5844,5291,5266
5845,5340,5364
5846,5315,5340
5847,5291,5291
5848,5340,5315
5849,5218,5217
5850,5242,5242
5851,5291,5291
5852,5218,5218
5853,5267,5242
5854,5242,5266
5855,5266,5291
5856,5291,5291
5857,5242,5217
5858,5364,5364
5859,5291,5266
5860,5291,5340
5861,5217,5242
5862,5242,5193
5863,5316,5316
5864,5291,5267
5865,5217,5267
5866,5291,5267
5867,5291,5291
5868,5291,5291
5869,5340,5365
5870,5242,5242
5871,5291,5291
5872,5316,5291
5873,5267,5315
5874,5267,5266
5875,5267,5266
5876,5340,5266
5877,5291,5340
5878,5242,5242
5879,5315,5291
5880,5193,5193
5881,5340,5316
5882,5266,5340
5883,5291,5242
5884,5291,5316
5885,5266,5218
5886,5315,5340
5887,5266,5291
5888,5340,5340
5889,5242,5266
5890,5316,5266
5891,5218,5242
5892,5291,5291
5893,5242,5266
5894,5242,5217
5895,5266,5266
5896,5291,5291
5897,5291,5291
5898,5266,5267
5899,5242,5242
5900,5291,5266
5901,5316,5340
5902,5193,5218
5903,5364,5315
5904,5291,5340
5905,5291,5291
5906,5291,5291
5907,5267,5267
5908,5267,5291
5909,5316,5291
5910,5193,5193
5911,5242,5291
5912,5242,5218
5913,5242,5242
5914,5316,5291
5915,5218,5218
5916,5291,5316
5917,5217,5218
5918,5315,5316
5919,5291,5267
5920,5291,5316
5921,5291,5267
5922,5267,5267
5923,5217,5267
5924,5316,5291
5925,5242,5266
5926,5291,5291
5927,5291,5315
5928,5291,5217
5929,5291,5315
5930,5266,5242
5931,5291,5340
5932,5267,5266
5933,5242,5242
5934,5291,5291
5935,5340,5340
5936,5267,5291
5937,5291,5291
5938,5217,5193
5939,5266,5242
5940,5217,5242
5941,5291,5267
5942,5267,5267
5943,5365,5340
5944,5242,5266
5945,5315,5315
5946,5315,5340
5947,5266,5242
5948,5315,5315
5949,5217,5217
5950,5266,5291
5951,5193,5218
5952,5389,5291
5953,5291,5340
5954,5266,5291
5955,5266,5242
5956,5291,5315
5957,5316,5266
5958,5291,5315
5959,5340,5364
5960,5316,5266
5961,5340,5364
5962,5316,5315
5963,5267,5315
5964,5267,5315
5965,5267,5193
5966,5267,5267
5967,5316,5316
5968,5267,5242
5969,5291,5340
5970,5193,5218
5971,5291,5242
5972,5316,5364
5973,5291,5266
5974,5291,5315
5975,5365,5291
5976,5316,5316
5977,5193,5267
5978,5266,5267
5979,5168,5193
5980,5364,5217
5981,5193,5291
5982,5316,5340
5983,5291,5266
5984,5340,5291
5985,5267,5291
5986,5242,5242
5987,5315,5340
5988,5242,5266
5989,5267,5266
5990,5340,5291
5991,5315,5315
5992,5291,5267
5993,5340,5365
5994,5266,5267
5995,5316,5291
5996,5267,5315
5997,5242,5217
5998,5266,5266
5999,5315,5315
6000,5266,5217
6001,5315,5364
6002,5315,5340
6003,5242,5242
6004,5365,5340
6005,5218,5218
6006,5340,5340
6007,5266,5291
6008,5316,5242
6009,5267,5340
6010,5291,5267
6011,5242,5267
6012,5267,5316
6013,5242,5193
6014,5266,5242
6015,5291,5365
6016,5316,5267
6017,5267,5316
6018,5291,5218
6019,5340,5365
6020,5316,5291
6021,5291,5316
6022,5242,5242
6023,5365,5291
6024,5267,5242
6025,5267,5364
6026,5267,5242
6027,5316,5291
6028,5315,5364
6029,5242,5242
6030,5340,5315
6031,5291,5315
6032,5389,5291
6033,5242,5316
6034,5267,5267
6035,5242,5267
6036,5315,5316
6037,5217,5193
6038,5315,5291
6039,5340,5365
6040,5340,5266
6041,5315,5389
6042,5242,5218
6043,5266,5291
6044,5266,5291
6045,5266,5267
6046,5266,5267
6047,5340,5316
6048,5242,5242
6049,5340,5340
6050,5193,5193
6051,5291,5242
6052,5267,5340
6053,5291,5242
6054,5315,5340
6055,5340,5315
6056,5291,5315
6057,5267,5266
6058,5267,5291
6059,5242,5291
6060,5389,5340
6061,5169,5169
6062,5291,5291
6063,5291,5291
6064,5340,5266
6065,5242,5291
6066,5291,5267
6067,5193,5267
6068,5267,5267
6069,5267,5218
6070,5316,5316
6071,5267,5267
6072,5218,5242
6073,5242,5266
6074,5242,5217
6075,5315,5315
6076,5315,5291
6077,5242,5291
6078,5218,5266
6079,5316,5242
6080,5242,5242
6081,5266,5291
6082,5266,5242
6083,5291,5291
6084,5316,5291
6085,5291,5291
6086,5315,5340
6087,5266,5315
6088,5266,5242
6089,5291,5267
6090,5267,5267
6091,5242,5291
6092,5315,5291
6093,5242,5242
6094,5291,5291
6095,5242,5193
6096,5291,5315
6097,5217,5242
6098,5242,5242
6099,5291,5291
6100,5291,5242
6101,5267,5315
6102,5267,5266
6103,5291,5291
6104,5291,5316
6105,5364,5365
6106,5266,5242
6107,5266,5315
6108,5340,5291
6109,5291,5316
6110,5169,5218
6111,5242,5218
6112,5291,5242
6113,5267,5266
6114,5242,5242
6115,5315,5340
6116,5315,5315
6117,5266,5291
6118,5315,5291
6119,5242,5217
6120,5291,5340
6121,5364,5340
6122,5291,5315
6123,5242,5266
6124,5218,5217
6125,5169,5217
6126,5267,5242
6127,5218,5218
6128,5266,5242
6129,5217,5242
6130,5291,5242
6131,5267,5266
6132,5242,5242
6133,5291,5291
6134,5316,5340
6135,5291,5316
6136,5315,5242
6137,5315,5340
6138,5266,5291
6139,5266,5267
6140,5242,5242
6141,5291,5291
6142,5267,5267
6143,5242,5242
6144,5217,5242
6145,5242,5217
6146,5242,5242
6147,5266,5242
6148,5291,5291
6149,5242,5316
6150,5217,5144
6151,5266,5291
6152,5291,5267
6153,5218,5242
6154,5316,5315
6155,5218,5193
6156,5267,5267
6157,5267,5267
6158,5291,5316
6159,5315,5291
6160,5316,5340
6161,5218,5218
6162,5267,5291
6163,5291,5267
6164,5242,5267
6165,5316,5291
6166,5316,5266
6167,5242,5315
6168,5364,5364
6169,5266,5217
6170,5291,5291
6171,5316,5340
6172,5267,5242
6173,5242,5291
6174,5266,5217
6175,5315,5315
6176,5242,5242
6177,5267,5267
6178,5169,5242
6179,5291,5217
6180,5242,5266
6181,5291,5315
6182,5193,5144
6183,5316,5340
6184,5291,5266
6185,5267,5242
6186,5242,5316
6187,5242,5242
6188,5316,5291
6189,5242,5242
6190,5266,5291
6191,5266,5267
6192,5315,5291
6193,5168,5217
6194,5291,5291
6195,5217,5218
6196,5315,5316
6197,5193,5218
6198,5267,5193
6199,5291,5364
6200,5266,5168
6201,5315,5365
6202,5266,5267
6203,5291,5267
6204,5291,5291
6205,5242,5242
6206,5242,5266
6207,5340,5291
6208,5242,5242
6209,5266,5291
6210,5217,5218
6211,5266,5218
6212,5168,5242
6213,5242,5217
6214,5242,5291
6215,5291,5267
6216,5291,5267
6217,5316,5316
6218,5267,5267
6219,5316,5291
6220,5316,5364
6221,5242,5217
6222,5315,5315
6223,5242,5266
6224,5291,5291
6225,5266,5267
6226,5242,5218
6227,5217,5218
6228,5291,5316
6229,5242,5242
6230,5315,5315
6231,5315,5291
6232,5266,5291
6233,5291,5315
6234,5267,5266
6235,5267,5266
6236,5291,5266
6237,5266,5266
6238,5217,5242
6239,5315,5316
6240,5242,5218
6241,5340,5316
6242,5242,5267
6243,5291,5267
6244,5291,5340
6245,5267,5242
6246,5266,5267
6247,5291,5340
6248,5291,5291
6249,5291,5267
6250,5267,5267
6251,5242,5267
6252,5340,5316
6253,5242,5267
6254,5291,5291
6255,5291,5266
6256,5291,5266
6257,5267,5291
6258,5340,5291
6259,5242,5291
6260,5291,5315
6261,5218,5193
6262,5316,5340
6263,5193,5193
6264,5291,5267
6265,5315,5340
6266,5193,5217
6267,5316,5315
6268,5267,5266
6269,5242,5217
6270,5315,5315
6271,5242,5242
6272,5316,5315
6273,5291,5291
6274,5315,5291
6275,5291,5291
6276,5193,5193
6277,5217,5242
6278,5315,5267
6279,5315,5340
6280,5266,5266
6281,5291,5291
6282,5291,5316
6283,5315,5267
6284,5291,5316
6285,5169,5218
6286,5340,5291
6287,5291,5315
6288,5291,5291
6289,5242,5291
6290,5266,5217
6291,5266,5291
6292,5315,5267
6293,5266,5316
6294,5266,5267
6295,5291,5291
6296,5291,5266
6297,5315,5315
6298,5316,5315
6299,5291,5340
6300,5291,5291
6301,5242,5242
6302,5242,5242
6303,5315,5291
6304,5266,5291
6305,5291,5291
6306,5267,5242
6307,5291,5291
6308,5217,5242
6309,5242,5193
6310,5316,5316
6311,5242,5267
6312,5315,5291
6313,5242,5217
6314,5267,5315
6315,5242,5266
6316,5315,5266
6317,5242,5266
6318,5365,5340
6319,5169,5193
6320,5291,5291
6321,5266,5242
6322,5266,5242
6323,5266,5267
6324,5242,5267
6325,5291,5340
6326,5291,5217
6327,5267,5267
6328,5291,5266
6329,5266,5291
6330,5266,5242
6331,5291,5315
6332,5316,5266
6333,5291,5315
6334,5266,5315
6335,5266,5242
6336,5291,5267
6337,5315,5340
6338,5266,5315
6339,5242,5242
6340,5267,5218
6341,5242,5242
6342,5315,5340
6343,5315,5291
6344,5291,5315
6345,5340,5315
6346,5291,5315
6347,5266,5242
6348,5340,5340
6349,5218,5242
6350,5316,5291
6351,5218,5242
6352,5316,5291
6353,5291,5291
6354,5266,5266
6355,5315,5315
6356,5217,5217
6357,5315,5315
6358,5291,5291
6359,5316,5316
6360,5291,5316
6361,5266,5242
6362,5266,5291
6363,5315,5291
6364,5168,5168
6365,5291,5266
6366,5291,5316
6367,5242,5218
6368,5242,5242
6369,5242,5242
6370,5315,5340
6371,5242,5266
6372,5267,5266
6373,5291,5266
6374,5291,5291
6375,5291,5267
6376,5266,5340
6377,5242,5193
6378,5291,5316
6379,5267,5267
6380,5242,5217
6381,5193,5218
6382,5316,5267
6383,5242,5242
6384,5340,5340
6385,5291,5291
6386,5266,5291
6387,15973,15924
6388,5389,5340
6389,5365,5389
6390,5218,5291
6391,5414,5364
6392,5291,5315
6393,5732,5756
6394,5389,5266
6395,5291,5340
6396,5340,5365
6397,5217,5217
6398,5340,5340
6399,5340,5266
6400,5315,5340
6401,5193,5242
6402,5291,5266
6403,5266,5315
6404,5487,5389
6405,5291,5340
6406,5266,5266
6407,5340,5364
6408,5291,5315
6409,5487,5413
6410,5291,5315
6411,5340,5193
6412,5218,5414
6413,5365,5267
6414,5242,5316
6415,5903,5879
6416,7055,7104
6417,5242,5218
6418,6271,6026
6419,6859,7128
6420,5291,5168
6421,5242,5389
6422,5364,5267
6423,5242,5267
6424,5242,5316
6425,5217,5144
6426,5462,5462
6427,5291,5291
6428,5267,5242
6429,5316,5316
6430,5267,5291
6431,5242,5218
6432,5242,5267
6433,5193,5120
6434,5291,5365
6435,5316,5291
6436,5291,5266
6437,5266,5266
6438,5315,5340
6439,5242,5242
6440,5242,5291
6441,5315,5218
6442,5266,5316
6443,5291,5242
6444,5267,5291
6445,5218,5266
6446,5364,5315
6447,5634,5609
6448,6198,5805
6449,8231,6687
6450,5266,7226
6451,5340,5315
6452,5218,5242
6453,5291,5291
6454,5291,5291
6455,5218,5193
6456,5267,5340
6457,5340,5291
6458,5242,5266
6459,5291,5266
6460,5364,5364
6461,5193,5242
6462,5365,5316
6463,5218,5242
6464,5291,5291
6465,5315,5291
6466,5266,5266
6467,5266,5291
6468,5340,5291
6469,5267,5291
6470,5316,5316
6471,5267,5291
6472,5316,5315
6473,5365,5340
6474,5266,5267
6475,5340,5389
6476,5242,5242
6477,5266,5242
6478,5291,5315
6479,5267,5217
6480,5218,5266
6481,5316,5315
6482,5169,5193
6483,5340,5267
6484,5242,5267
6485,5316,5291
6486,5340,5365
6487,5291,5267
6488,5340,5316
6489,5291,5340
6490,5267,5266
6491,5291,5291
6492,5291,5267
6493,5218,5242
6494,5316,5291
6495,5291,5266
6496,5291,5291
6497,5267,5242
6498,5218,5242
6499,5242,5267
6500,5242,5242
6501,5267,5291
6502,5291,5267
6503,5315,5291
6504,5315,5291
6505,5266,5291
6506,5242,5267
6507,5315,5291
6508,5266,5266
6509,5266,5291
6510,5315,5316
6511,5267,5242
6512,5291,5315
6513,5242,5217
6514,5267,5291
6515,5267,5291
6516,5291,5242
6517,5242,5242
6518,5316,5340
6519,5242,5217
6520,5315,5340
6521,5291,5267
6522,5291,5291
6523,5291,5315
6524,5291,5291
6525,5193,5218
6526,5340,5340
6527,5193,5217
6528,5365,5340
6529,5316,5340
6530,5291,5266
6531,5315,5315
6532,5217,5193
6533,5315,5340
6534,5266,5267
6535,5315,5291
6536,5217,5217
6537,5242,5242
6538,5218,5217
6539,5291,5291
6540,5144,5120
6541,5242,5242
6542,5217,5242
6543,5291,5291
6544,5267,5217
6545,5364,5364
6546,5291,5340
6547,5291,5291
6548,5291,5315
6549,5242,5217
6550,5291,5291
6551,5242,5242
6552,5340,5364
6553,5218,5217
6554,5316,5291
6555,5267,5267
6556,5267,5242
6557,5218,5242
6558,5291,5291
6559,5291,5267
6560,5340,5340
6561,5242,5267
6562,5242,5242
6563,5291,5266
6564,5242,5242
6565,5340,5340
6566,5340,5316
6567,5242,5267
6568,5291,5291
6569,5315,5291
6570,5266,5291
6571,5291,5291
6572,5169,5193
6573,5267,5242
6574,5291,5316
6575,5291,5291
6576,5242,5266
6577,5267,5242
6578,5315,5365
6579,5291,5267
6580,5267,5291
6581,5291,5266
6582,5315,5315
6583,5266,5266
6584,5315,5291
6585,5242,5242
6586,5316,5316
6587,5242,5267
6588,5291,5267
6589,5266,5316
6590,5340,5291
6591,5242,5291
6592,5315,5267
6593,5291,5316
6594,5267,5291
6595,5340,5340
6596,5291,5267
6597,5291,5291
6598,5340,5340
6599,5316,5291
6600,5267,5315
6601,5242,5217
6602,5315,5315
6603,5291,5291
6604,5291,5316
6605,5193,5193
6606,5340,5340
6607,5242,5267
6608,5364,5267
6609,5266,5365
6610,5242,5267
6611,5266,5218
6612,5217,5291
6613,5193,5242
6614,5193,5120
6615,5217,5218
6616,5340,5267
6617,5193,5267
6618,5242,5242
6619,5267,5218
6620,5340,5316
6621,5291,5365
6622,5267,5267
6623,5218,5242
6624,5316,5217
6625,5316,5340
6626,5242,5267
6627,5291,5267
6628,5218,5266
6629,5267,5193
6630,5316,5291
6631,5267,5340
6632,5218,5144
6633,5291,5364
6634,5315,5291
6635,5242,5193
6636,5242,5340
6637,5217,5169
6638,5266,5267
6639,5242,5267
6640,5316,5218
6641,5218,5316
6642,5316,5291
6643,5242,5217
6644,5389,5389
6645,5291,5291
6646,5193,5242
6647,5291,5340
6648,5316,5217
6649,5242,5291
6650,5291,5291
6651,5242,5242
6652,5340,5316
6653,5291,5316
6654,5218,5242
6655,5291,5315
6656,5487,5364
6657,5242,5364
6658,5315,5266
6659,5242,5242
6660,5291,5340
6661,5291,5266
6662,5144,5193
6663,5315,5242
6664,5340,5266
6665,5242,5340
6666,5217,5218
6667,5291,5267
6668,5291,5340
6669,5193,5144
6670,5291,5340
6671,5291,5266
6672,5365,5291
6673,5242,5316
6674,5315,5291
6675,5266,5266
6676,5266,5291
6677,5242,5218
6678,5267,5291
6679,5218,5217
6680,5316,5266
6681,5169,5266
6682,5291,5217
6683,5218,5291
6684,5267,5267
6685,5291,5267
6686,5169,5242
6687,5267,5217
6688,5267,5242
6689,5291,5340
6690,5315,5266
6691,5291,5315
6692,5340,5364
6693,5217,5193
6694,5217,5242
6695,5291,5266
6696,5242,5193
6697,5291,5340
6698,5242,5242
6699,5266,5266
6700,5291,5291
6701,5217,5218
6702,5242,5267
6703,5218,5193
6704,5340,5291
6705,5242,5291
6706,5291,5291
6707,5242,5291
6708,5389,5364
6709,5169,5168
6710,5316,5315
6711,5267,5242
6712,5291,5267
6713,5242,5315
6714,5242,5193
6715,5266,5242
6716,5217,5217
6717,5168,5242
6718,5242,5218
6719,5218,5193
6720,5267,5217
6721,5316,5340
6722,5267,5266
6723,5389,5413
6724,5242,5217
6725,5266,5291
6726,5291,5316
6727,5340,5316
6728,5291,5291
6729,5242,5217
6730,5168,5217
6731,5291,5291
6732,5267,5218
6733,5218,5291
6734,5242,5168
6735,5217,5217
6736,5389,5389
6737,5218,5242
6738,5242,5266
6739,5267,5266
6740,5291,5266
6741,5193,5218
6742,5316,5291
6743,5267,5242
6744,5340,5316
6745,5242,5267
6746,5242,5291
6747,5217,5193
6748,5266,5242
6749,5193,5266
6750,5169,5095
6751,5267,5291
6752,5316,5267
6753,5316,5267
6754,5267,5316
6755,5242,5267
6756,5193,5242
6757,5193,5217
6758,5291,5168
6759,5267,5340
6760,5365,5291
6761,5218,5266
6762,5267,5291
6763,5267,5218
6764,5218,5267
6765,5242,5242
6766,5168,5144
6767,5291,5291
6768,5242,5193
6769,5242,5316
6770,5218,5193
6771,5267,5266
6772,5168,5217
6773,5217,5168
6774,5242,5266
6775,5267,5291
6776,5267,5193
6777,5218,5242
6778,5267,5291
6779,5242,5217
6780,5291,5340
6781,5291,5218
6782,5291,5340
6783,5218,5266
6784,5242,5193
6785,5217,5267
6786,5242,5169
6787,5169,5169
6788,5291,5291
6789,5242,5242
6790,5267,5291
6791,5242,5218
6792,5242,5218
6793,5242,5267
6794,5217,5218
6795,5266,5291
6796,5413,5340
6797,5266,5291
6798,5242,5242
6799,5316,5291
6800,5291,5266
6801,5291,5340
6802,5266,5267
6803,5266,5291
6804,5315,5315
6805,5266,5242
6806,5169,5242
6807,5291,5217
6808,5242,5291
6809,5340,5291
6810,5364,5364
6811,5193,5242
6812,5291,5242
6813,5168,5193
6814,5266,5291
6815,5340,5291
6816,5218,5267
6817,5291,5242
6818,5242,5242
6819,5193,5217
6820,5364,5315
6821,5217,5266
6822,5242,5266
6823,5193,5168
6824,5242,5291
6825,5193,5193
6826,5218,5242
6827,5316,5316
6828,5267,5242
6829,5267,5266
6830,5267,5266
6831,5267,5266
6832,5291,5291
6833,5315,5316
6834,5267,5218
6835,5267,5340
6836,5291,5266
6837,5242,5315
6838,5267,5242
6839,5267,5218
6840,5169,5218
6841,5291,5267
6842,5291,5316
6843,5316,5267
6844,5291,5291
6845,5217,5266
6846,5364,5340
6847,5242,5217
6848,5316,5315
6849,5316,5266
6850,5267,5315
6851,5316,5340
6852,5242,5168
6853,5291,5291
6854,5218,5242
6855,5193,5217
6856,5266,5266
6857,5242,5168
6858,5266,5315
6859,5242,5266
6860,5242,5242
6861,5291,5316
6862,5316,5242
6863,5218,5266
6864,5267,5291
6865,5316,5291
6866,5242,5266
6867,5315,5266
6868,5242,5217
6869,5267,5316
6870,5218,5193
6871,5218,5217
6872,5316,5315
6873,5291,5266
6874,5242,5291
6875,5389,5365
6876,5267,5291
6877,5218,5242
6878,5291,5267
6879,5242,5242
6880,5291,5315
6881,5291,5217
6882,5291,5340
6883,5217,5193
6884,5242,5291
6885,5169,5218
6886,5291,5218
6887,5193,5267
6888,5291,5242
6889,5169,5193
6890,5242,5218
6891,5315,5267
6892,5242,5291
6893,5218,5217
6894,5267,5266
6895,5267,5242
6896,5291,5291
6897,5217,5266
6898,5340,5315
6899,5267,5266
6900,5316,5291
6901,5316,5340
6902,5242,5266
6903,5266,5266
6904,5168,5144
6905,5217,5218
6906,5266,5267
6907,5242,5242
6908,5218,5242
6909,5242,5218
6910,5218,5267
6911,5291,5267
6912,5266,5217
6913,5242,5291
6914,5316,5291
6915,5193,5242
6916,5242,5267
6917,5266,5242
6918,5242,5242
6919,5316,5267
6920,5242,5267
6921,5266,5291
6922,5291,5266
6923,5218,5242
6924,5315,5291
6925,5193,5217
6926,5291,5291
6927,5217,5242
6928,5217,5217
6929,5291,5266
6930,5267,5242
6931,5291,5340
6932,5291,5266
6933,5242,5242
6934,5267,5267
6935,5340,5365
6936,5658,5267
6937,5291,5659
6938,5267,5267
6939,5291,5267
6940,5242,5291
6941,5316,5291
6942,5218,5242
6943,5340,5315
6944,5266,5266
6945,5242,5267
6946,5242,5218
6947,5242,5242
6948,5340,5291
6949,5242,5242
6950,5316,5316
6951,5316,5340
6952,5242,5242
6953,5218,5242
6954,5316,5266
6955,5218,5266
6956,5242,5242
6957,5291,5242
6958,5267,5291
6959,5242,5242
6960,5291,5291
6961,5316,5340
6962,5340,5291
6963,5266,5267
6964,5291,5315
6965,5267,5266
6966,5316,5291
6967,5291,5291
6968,5266,5266
6969,5340,5340
6970,5242,5267
6971,5315,5267
6972,5315,5340
6973,5242,5242
6974,5316,5316
6975,5291,5291
6976,5316,5315
6977,5267,5291
6978,5267,5291
6979,5267,5242
6980,5389,5365
6981,5291,5266
6982,5316,5340
6983,5242,5267
6984,5315,5267
6985,5242,5316
6986,5315,5267
6987,5291,5316
6988,5365,5340
6989,5267,5291
6990,5340,5315
6991,5340,5340
6992,5291,5267
6993,5315,5365
6994,5242,5242
6995,5316,5291
6996,5242,5242
6997,5266,5266
6998,5291,5266
6999,5291,5291
7000,5389,5389
7001,5266,5340
7002,5291,5267
7003,5316,5316
7004,5389,5365
7005,5193,5218
7006,5291,5291
7007,5266,5291
7008,5291,5242
7009,5266,5315
7010,5291,5266
7011,5267,5291
7012,5340,5365
7013,5242,5242
7014,5315,5315
7015,5291,5291
7016,5291,5267
7017,5315,5365
7018,5266,5242
7019,5315,5315
7020,5266,5315
7021,5242,5217
7022,5169,5193
7023,5340,5291
7024,5193,5193
7025,5266,5291
7026,5217,5218
7027,5315,5291
7028,5242,5217
7029,5267,5291
7030,5340,5340
7031,5291,5291
7032,5316,5291
7033,5266,5315
7034,5315,5340
7035,5266,5267
7036,5340,5340
7037,5218,5217
7038,5291,5266
7039,5218,5242
7040,5291,5242
7041,5217,5316
7042,5242,5169
7043,5266,5291
7044,5340,5291
7045,5267,5340
7046,5291,5315
7047,5364,5315
7048,5340,5291
7049,5242,5316
7050,5266,5267
7051,5340,5291
7052,5242,5266
7053,5217,5217
7054,5242,5242
7055,5340,5340
7056,5291,5266
7057,5340,5389
7058,5267,5291
7059,5316,5291
7060,5291,5316
7061,5217,5169
7062,5389,5389
7063,5242,5266
7064,5364,5340
7065,5266,5340
7066,5266,5193
7067,5217,5267
7068,5291,5267
7069,5242,5267
7070,5291,5291
7071,5291,5315
7072,5291,5242
7073,5364,5364
7074,5266,5266
7075,5316,5340
7076,5291,5316
7077,5217,5218
7078,5217,5267
7079,5315,5267
7080,5266,5218
7081,5266,5316
7082,5217,5218
7083,5266,5267
7084,5242,5218
7085,5266,5267
7086,5315,5291
7087,5315,5389
7088,5364,5316
7089,5315,5340
7090,5291,5291
7091,5193,5193
7092,5291,5315
7093,5242,5242
7094,5315,5291
7095,5218,5242
7096,5291,5316
7097,5217,5242
7098,5242,5217
7099,5218,5217
7100,5365,5340
7101,5218,5267
7102,5267,5316
7103,5365,5267
7104,5340,5316
7105,5340,5389
7106,5242,5217
7107,5315,5315
7108,5315,5315
7109,5266,5266
7110,5168,5217
7111,5291,5266
7112,5169,5193
7113,5242,5193
7114,5242,5266
7115,5267,5291
7116,5242,5218
7117,5242,5267
7118,5291,5267
7119,5217,5193
7120,5315,5340
7121,5315,5291
7122,5315,5315
7123,5266,5266
7124,5291,5291
7125,5193,5242
7126,5291,5266
7127,5267,5242
7128,5267,5291
7129,5267,5242
7130,5218,5267
7131,5193,5193
7132,5242,5193
7133,5291,5316
7134,5217,5218
7135,5242,5242
7136,5316,5291
7137,5340,5340
7138,5291,5266
7139,5291,5340
7140,5242,5218
7141,5316,5316
7142,5316,5316
7143,5267,5267
7144,5242,5291
7145,5266,5217
7146,5291,5340
7147,5340,5291
7148,5193,5217
7149,5291,5291
7150,5291,5266
7151,5291,5266
7152,5316,5389
7153,5242,5218
7154,5315,5291
7155,5242,5242
7156,5291,5291
7157,5291,5291
7158,5291,5291
7159,5217,5242
7160,5340,5266
7161,5291,5315
7162,5315,5315
7163,5217,5266
7164,5266,5217
7165,5340,5340
7166,5218,5242
7167,5291,5267
7168,5291,5316
7169,5242,5218
7170,5315,5291
7171,5315,5315
7172,5242,5266
7173,5242,5291
7174,5291,5218
7175,5267,5291
7176,5218,5193
7177,5291,5291
7178,5291,5291
7179,5340,5316
7180,5242,5267
7181,5193,5218
7182,5266,5267
7183,5266,5267
7184,5340,5316
7185,5193,5218
7186,5242,5291
7187,5291,5242
7188,5291,5316
7189,5266,5242
7190,5291,5291
7191,5193,5242
7192,5364,5267
7193,5266,5316
7194,5316,5316
7195,5242,5218
7196,5291,5315
7197,5242,5242
7198,5266,5242
7199,5291,5315
7200,5340,5315
7201,5267,5315
7202,5242,5266
7203,5340,5291
7204,5242,5267
7205,5266,5291
7206,5242,5217
7207,5242,5266
7208,5266,5193
7209,5340,5340
7210,5316,5291
7211,5242,5266
7212,5315,5315
7213,5364,5340
7214,5266,5316
7215,5266,5267
7216,5389,5365
7217,5291,5291
7218,5365,5413
7219,5193,5168
7220,5242,5291
7221,5242,5218
7222,5242,5218
7223,5193,5267
7224,5340,5242
7225,5316,5364
7226,5267,5266
7227,5266,5266
7228,5242,5266
7229,5291,5291
7230,5242,5242
7231,5267,5266
7232,5291,5315
7233,5267,5242
7234,5291,5291
7235,5266,5267
7236,5291,5291
7237,5266,5242
7238,5242,5267
7239,5291,5316
7240,5266,5267
7241,5267,5267
7242,5291,5291
7243,5266,5266
7244,5291,5291
7245,5193,5218
7246,5291,5267
7247,5242,5291
7248,5291,5218
7249,5242,5266
7250,5291,5266
7251,5266,5266
7252,5291,5291
7253,5316,5340
7254,5316,5291
7255,5316,5267
7256,5267,5316
7257,5242,5291
7258,5291,5291
7259,5267,5218
7260,5291,5291
7261,5242,5242
7262,5291,5316
7263,5389,5365
7264,5242,5242
7265,5315,5291
7266,5242,5267
7267,5291,5291
7268,5315,5315
7269,5315,5291
7270,5267,5316
7271,5291,5316
7272,5291,5316
7273,5267,5242
7274,5291,5291
7275,5242,5218
7276,5315,5365
7277,5217,5218
7278,5291,5291
7279,5340,5315
7280,5291,5291
7281,5242,5242
7282,5291,5267
7283,5242,5267
7284,5316,5291
7285,5267,5266
7286,5291,5315
7287,5291,5364
7288,5266,5242
7289,5267,5267
7290,5340,5316
7291,5266,5316
7292,5266,5291
7293,5266,5217
7294,5266,5291
7295,5340,5316
7296,5340,5340
7297,5291,5291
7298,5340,5340
7299,5266,5242
7300,5315,5365
7301,5266,5267
7302,5291,5291
7303,5291,5291
7304,5267,5291
7305,5242,5217
7306,5315,5315
7307,5242,5242
7308,5316,5291
7309,5291,5315
7310,5266,5291
7311,5266,5242
7312,5316,5315
7313,5218,5242
7314,5316,5266
7315,5242,5267
7316,5266,5267
7317,5365,5365
7318,5218,5242
7319,5316,5315
7320,5267,5266
7321,5291,5242
7322,5315,5340
7323,5266,5266
7324,5315,5266
7325,5217,5266
7326,5315,5291
7327,5340,5365
7328,5291,5316
7329,5242,5267
7330,5291,5267
7331,5315,5242
7332,5315,5364
7333,5217,5193
7334,5291,5315
7335,5316,5291
7336,5291,5291
7337,5193,5218
7338,5291,5242
7339,5242,5242
7340,5291,5316
7341,5267,5291
7342,5267,5266
7343,5340,5364
7344,5266,5217
7345,5316,5340
7346,5316,5291
7347,5291,5315
7348,5291,5316
7349,5267,5242
7350,5291,5291
7351,5291,5291
7352,5193,5169
7353,5340,5340
7354,5316,5266
7355,5267,5291
7356,5267,5242
7357,5316,5315
7358,5291,5340
7359,5291,5267
7360,5267,5267
7361,5291,5291
7362,5340,5340
7363,5218,5217
7364,5316,5291
7365,5218,5218
7366,5316,5316
7367,5291,5291
7368,5266,5266
7369,5315,5291
7370,5315,5316
7371,5291,5340
7372,5266,5291
7373,5315,5267
7374,5266,5291
7375,5340,5364
7376,5267,5242
7377,5316,5316
7378,5316,5316
7379,5267,5267
7380,5291,5291
7381,5266,5266
7382,5193,5242
7383,5389,5316
7384,5266,5316
7385,5291,5242
7386,5291,5316
7387,5267,5242
7388,5340,5364
7389,5266,5266
7390,5315,5316
7391,5217,5218
7392,5242,5242
7393,5242,5242
7394,5242,5242
7395,5266,5291
7396,5340,5340
7397,5267,5242
7398,5267,5242
7399,5316,5340
7400,5267,5266
7401,5291,5291
7402,5242,5193
7403,5291,5315
7404,5266,5291
7405,5242,5242
7406,5267,5266
7407,5315,5291
7408,5242,5316
7409,5340,5291
7410,5242,5266
7411,5316,5242
7412,5218,5291
7413,5267,5242
7414,5316,5316
7415,5291,5316
7416,5315,5291
7417,5291,5266
7418,5267,5315
7419,5267,5242
7420,5365,5365
7421,5267,5242
7422,5340,5364
7423,5340,5340
7424,5267,5242
7425,5242,5242
7426,5340,5315
7427,5267,5291
7428,5340,5315
7429,5266,5291
7430,5340,5316
7431,5340,5340
7432,5217,5242
7433,5315,5316
7434,5193,5193
7435,5389,5340
7436,5242,5291
7437,5316,5266
7438,5242,5267
7439,5315,5291
7440,5316,5315
7441,5242,5291
7442,5266,5242
7443,5266,5291
7444,5364,5340
7445,5267,5291
7446,5291,5267
7447,5315,5365
7448,5291,5267
7449,5267,5291
7450,5316,5266
7451,5242,5267
7452,5291,5291
7453,5193,5217
7454,5340,5291
7455,5316,5316
7456,5316,5291
7457,5291,5364
7458,5291,5266
7459,5316,5340
7460,5242,5291
7461,5242,5217
7462,5242,5242
7463,5315,5267
7464,5242,5267
7465,5316,5316
7466,5242,5242
7467,5291,5291
7468,5218,5218
7469,5291,5267
7470,5315,5365
7471,5266,5291
7472,5315,5291
7473,5291,5267
7474,5291,5291
7475,5242,5242
7476,5291,5291
7477,5193,5218
7478,5267,5218
7479,5267,5267
7480,5267,5267
7481,5242,5267
7482,5315,5267
7483,5291,5291
7484,5291,5315
7485,5315,5340
7486,5266,5291
7487,5340,5291
7488,5291,5267
7489,5364,5389
7490,5315,5315
7491,5316,5315
7492,5365,5364
7493,5242,5266
7494,5266,5291
7495,5316,5316
7496,5315,5267
7497,5266,5365
7498,5242,5218
7499,5291,5316
7500,5291,5267
7501,5193,5193
7502,5316,5340
7503,5291,5242
7504,5315,5316
7505,5242,5291
7506,5291,5266
7507,5218,5217
7508,5291,5315
7509,5242,5242
7510,5291,5316
7511,5291,5242
7512,5291,5242
7513,5315,5438
7514,5291,5242
7515,5340,5340
7516,5291,5315
7517,5267,5266
7518,5291,5291
7519,5291,5291
7520,5266,5266
7521,5266,5291
7522,5217,5193
7523,5315,5267
7524,5291,5365
7525,5315,5267
7526,5291,5316
7527,5291,5291
7528,5340,5315
7529,5267,5340
7530,5291,5267
7531,5242,5242
7532,5291,5291
7533,5267,5242
7534,5315,5316
7535,5242,5267
7536,5316,5291
7537,5193,5266
7538,5291,5242
7539,5291,5316
7540,5291,5242
7541,5316,5364
7542,5242,5266
7543,5340,5291
7544,5291,5291
7545,5291,5315
7546,5291,5291
7547,5291,5267
7548,5218,5242
7549,5266,5242
7550,5315,5340
7551,5291,5315
7552,5291,5242
7553,5266,5291
7554,5193,5193
7555,5267,5267
7556,5291,5316
7557,5217,5193
7558,5340,5315
7559,5291,5266
7560,5340,5340
7561,5242,5315
7562,5217,5193
7563,5267,5267
7564,5291,5267
7565,5217,5267
7566,5266,5291
7567,5242,5193
7568,5365,5291
7569,5316,5413
7570,5267,5266
7571,5291,5266
7572,5291,5291
7573,5291,5316
7574,5291,5316
7575,5266,5267
7576,5217,5218
7577,5267,5291
7578,5242,5193
7579,5291,5340
7580,5340,5340
7581,5266,5267
7582,5242,5291
7583,5242,5193
7584,5291,5316
7585,5291,5316
7586,5267,5218
7587,5267,5291
7588,5242,5242
7589,5217,5242
7590,5291,5266
7591,5291,5242
7592,5340,5340
7593,5291,5315
7594,5266,5242
7595,5242,5266
7596,5316,5266
7597,5242,5266
7598,5266,5266
7599,5217,5242
7600,5364,5291
7601,5340,5389
7602,5267,5267
7603,5316,5340
7604,5218,5217
7605,5316,5315
7606,5242,5217
7607,5242,5266
7608,5218,5266
7609,5291,5242
7610,5340,5291
7611,5267,5315
7612,5218,5217
7613,5193,5242
7614,5340,5267
7615,5316,5291
7616,5291,5315
7617,5217,5193
7618,5315,5365
7619,5291,5267
7620,5291,5316
7621,5218,5218
7622,5291,5291
7623,5242,5218
7624,5291,5340
7625,5291,5266
7626,5266,5315
7627,5217,5217
7628,5217,5193
7629,5242,5267
7630,5193,5120
7631,5217,5291
7632,5413,5340
7633,5242,5291
7634,5291,5291
7635,5291,5316
7636,5291,5267
7637,5340,5365
7638,5340,5316
7639,5267,5267
7640,5242,5316
7641,5266,5193
7642,5193,5242
7643,5291,5267
7644,5267,5242
7645,5267,5340
7646,5218,5193
7647,5267,5291
7648,5389,5340
7649,5217,5217
7650,5291,5291
7651,5340,5340
7652,5291,5291
7653,5267,5291
7654,5291,5291
7655,5242,5218
7656,5291,5291
7657,5217,5193
7658,5291,5340
7659,5218,5193
7660,5267,5316
7661,5193,5242
7662,5242,5168
7663,5217,5242
7664,5389,5340
7665,5267,5315
7666,5316,5291
7667,5291,5316
7668,5218,5218
7669,5267,5291
7670,5291,5266
7671,5291,5315
7672,5364,5291
7673,5315,5340
7674,5193,5266
7675,5291,5266
7676,5266,5217
7677,5315,5389
7678,5242,5218
7679,5267,5291
7680,5340,5291
7681,5291,5316
7682,5291,5316
7683,5266,5242
7684,5266,5315
7685,5242,5266
7686,5316,5242
7687,5242,5267
7688,5340,5316
7689,5242,5267
7690,5266,5267
7691,5267,5291
7692,5267,5242
7693,5267,5316
7694,5316,5291
7695,5316,5266
7696,5365,5364
7697,5316,5364
7698,5267,5291
7699,5316,5291
7700,5217,5266
7701,5340,5315
7702,5169,5168
7703,5267,5291
7704,5365,5267
7705,5316,5340
7706,5242,5242
7707,5315,5316
7708,5266,5316
7709,5291,5267
7710,5267,5267
7711,5242,5291
7712,5340,5291
7713,5242,5291
7714,5340,5315
7715,5267,5242
7716,5267,5291
7717,5218,5242
7718,5267,5242
7719,5291,5291
7720,5364,5291
7721,5242,5291
7722,5340,5365
7723,5242,5242
7724,5291,5266
7725,5291,5315
7726,5242,5217
7727,5315,5315
7728,5364,5340
7729,5242,5291
7730,5218,5266
7731,5267,5217
7732,5218,5266
7733,5242,5168
7734,5266,5266
7735,5242,5266
7736,5267,5218
7737,5242,5267
7738,5291,5316
7739,5242,5218
7740,5316,5340
7741,5242,5242
7742,5267,5291
7743,5266,5291
7744,5315,5291
7745,5266,5291
7746,5315,5316
7747,5242,5193
7748,5291,5291
7749,5291,5316
7750,5340,5340
7751,5266,5266
7752,5315,5291
7753,5315,5340
7754,5291,5291
7755,5267,5291
7756,5291,5266
7757,5315,5315
7758,5242,5242
7759,5316,5316
7760,5218,5242
7761,5316,5291
7762,5242,5242
7763,5266,5266
7764,5315,5315
7765,5242,5266
7766,5267,5242
7767,5316,5316
7768,5291,5316
7769,5266,5267
7770,5266,5267
7771,5266,5218
7772,5291,5316
7773,5193,5193
7774,5291,5315
7775,5291,5266
7776,5267,5291
7777,5218,5218
7778,5316,5316
7779,5242,5267
7780,5315,5291
7781,5168,5168
7782,5315,5291
7783,5291,5340
7784,5291,5291
7785,5291,5267
7786,5291,5291
7787,5266,5266
7788,5315,5316
7789,5242,5242
7790,5267,5217
7791,5267,5291
7792,5218,5193
7793,5316,5340
7794,5340,5291
7795,5315,5291
7796,5217,5315
7797,5291,5242
7798,5267,5316
7799,5291,5267
7800,5242,5242
7801,5291,5291
7802,5291,5316
7803,5266,5242
7804,5340,5315
7805,5242,5266
7806,5291,5315
7807,5316,5315
7808,5267,5242
7809,5217,5242
7810,5291,5266
7811,5242,5291
7812,5315,5316
7813,5242,5193
7814,5340,5340
7815,5315,5365
7816,5242,5242
7817,5291,5315
7818,5266,5217
7819,5291,5291
7820,5316,5316
7821,5218,5242
7822,5242,5266
7823,5267,5217
7824,5218,5266
7825,5291,5266
7826,5217,5217
7827,5340,5315
7828,5340,5340
7829,5242,5267
7830,5340,5340
7831,5315,5315
7832,5266,5266
7833,5340,5315
7834,5291,5340
7835,5291,5267
7836,5242,5267
7837,5217,5193
7838,5291,5291
7839,5267,5291
7840,5340,5315
7841,5291,5315
7842,5291,5242
7843,5315,5340
7844,5291,5291
7845,5242,5242
7846,5266,5267
7847,5291,5291
7848,5242,5242
7849,5315,5316
7850,5217,5193
7851,5340,5340
7852,5291,5316
7853,5267,5267
7854,5316,5316
7855,5291,5316
7856,5267,5267
7857,5242,5267
7858,5242,5242
7859,5291,5242
7860,5266,5291
7861,5218,5218
7862,5267,5291
7863,5267,5266
7864,5291,5291
7865,5340,5267
7866,5267,5316
7867,5218,5242
7868,5291,5266
7869,5217,5266
7870,5340,5266
7871,5169,5193
7872,5316,5316
7873,5316,5316
7874,5291,5267
7875,5291,5340
7876,5217,5242
7877,5291,5316
7878,5291,5267
7879,5315,5291
7880,5291,5266
7881,5340,5340
7882,5193,5242
7883,5414,5340
7884,5193,5168
7885,5266,5266
7886,5242,5242
7887,5291,5267
7888,5266,5316
7889,5315,5291
7890,5217,5217
7891,5266,5291
7892,5291,5291
7893,5242,5266
7894,5340,5291
7895,5291,5267
7896,5340,5340
7897,5291,5340
7898,5315,5242
7899,5242,5291
7900,5316,5316
7901,5267,5291
7902,5267,5291
7903,5291,5267
7904,5315,5267
7905,5340,5389
7906,5291,5291
7907,5315,5316
7908,5291,5267
7909,5267,5291
7910,5267,5242
7911,5291,5316
7912,5266,5291
7913,5413,5242
7914,5242,5340
7915,5267,5315
7916,5267,5266
7917,5291,5266
7918,5340,5364
7919,5315,5291
7920,5266,5315
7921,5315,5266
7922,5291,5266
7923,5242,5291
7924,5315,5291
7925,5193,5266
7926,5291,5242
7927,5193,5193
7928,5291,5266
7929,5242,5291
7930,5266,5242
7931,5217,5266
7932,5340,5291
7933,5242,5267
7934,5340,5340
7935,5315,5340
7936,5291,5267
7937,5340,5365
7938,5218,5218
7939,5291,5316
7940,5217,5218
7941,5242,5242
7942,5266,5291
7943,5266,5242
7944,5242,5242
7945,5340,5340
7946,5242,5266
7947,5266,5291
7948,5266,5267
7949,5242,5242
7950,5316,5315
7951,5242,5266
7952,5291,5291
7953,5291,5291
7954,5291,5291
7955,5291,5291
7956,5242,5242
7957,5193,5218
7958,5242,5217
7959,5218,5217
7960,5291,5291
7961,5291,5291
7962,5315,5291
7963,5315,5340
7964,5217,5242
7965,5291,5291
7966,5340,5315
7967,5267,5315
7968,5316,5315
7969,5316,5291
7970,5242,5242
7971,5315,5315
7972,5193,5193
7973,5316,5291
7974,5242,5242
7975,5266,5242
7976,5291,5316
7977,5218,5218
7978,5291,5291
7979,5291,5315
7980,5266,5266
7981,5193,5266
7982,5340,5291
7983,5266,5242
7984,5364,5364
7985,5315,5315
7986,5315,5315
7987,5315,5340
7988,5242,5218
7989,5267,5291
7990,5291,5291
7991,5242,5267
7992,5267,5267
7993,5267,5169
7994,5266,5316
7995,5266,5316
7996,5291,5291
7997,5291,5291
7998,5291,5267
7999,5316,5316
8000,5340,5291
8001,5315,5365
8002,5168,5169
8003,5316,5291
8004,5218,5242
8005,5267,5291
8006,5242,5242
8007,5266,5242
8008,5364,5291
8009,5266,5315
8010,5364,5364
8011,5291,5291
8012,5316,5316
8013,5291,5291
8014,5315,5267
8015,5266,5291
8016,5340,5291
8017,5267,5291
8018,5291,5291
8019,5266,5291
8020,5266,5242
8021,5291,5315
8022,5315,5291
8023,5291,5316
8024,5340,5315
8025,5340,5340
8026,5267,5291
8027,5316,5291
8028,5144,5169
8029,5291,5291
8030,5267,5266
8031,5340,5291
8032,5266,5267
8033,5291,5291
8034,5267,5316
8035,5291,5242
8036,5291,5315
8037,5266,5266
8038,5315,5315
8039,5315,5291
8040,5389,5364
8041,5291,5315
8042,5291,5266
8043,5218,5266
8044,5267,5242
8045,5291,5267
8046,5291,5316
8047,5242,5242
8048,5364,5316
8049,5266,5316
8050,5266,5242
8051,5291,5291
8052,5242,5242
8053,5315,5340
8054,5291,5242
8055,5267,5291
8056,5340,5316
8057,5242,5267
8058,5169,5218
8059,5291,5242
8060,5242,5291
8061,5242,5267
8062,5218,5218
8063,5291,5267
8064,5365,5316
8065,5291,5316
8066,5291,5340
8067,5316,5291
8068,5291,5316
8069,5242,5242
8070,5266,5266
8071,5193,5193
8072,5365,5291
8073,5267,5291
8074,5340,5340
8075,5291,5316
8076,5267,5242
8077,5267,5340
8078,5316,5218
8079,5291,5340
8080,5340,5315
8081,5316,5364
8082,5340,5315
8083,5315,5291
8084,5242,5267
8085,5267,5291
8086,5267,5217
8087,5291,5315
8088,5316,5266
8089,5291,5340
8090,5291,5316
8091,5266,5291
8092,5266,5291
8093,5218,5218
8094,5316,5340
8095,5316,5291
8096,5389,5365
8097,5291,5316
8098,5291,5291
8099,5266,5266
8100,5266,5266
8101,5242,5291
8102,5267,5193
8103,5267,5291
8104,5389,5316
8105,5266,5340
8106,5315,5340
8107,5364,5340
8108,5217,5266
8109,5291,5266
8110,5267,5266
8111,5266,5291
8112,5364,5316
8113,5242,5267
8114,5340,5291
8115,5291,5340
8116,5267,5242
8117,5291,5364
8118,5315,5291
8119,5291,5291
8120,5316,5315
8121,5291,5266
8122,5266,5315
8123,5291,5242
8124,5193,5242
8125,5242,5266
8126,5291,5217
8127,5193,5242
8128,5365,5291
8129,5168,5242
8130,5315,5291
8131,5242,5291
8132,5291,5291
8133,5267,5291
8134,5267,5267
8135,5365,5291
8136,5340,5340
8137,5266,5291
8138,5242,5267
8139,5242,5218
8140,5242,5242
8141,5266,5291
8142,5266,5193
8143,5266,5315
8144,5266,5217
8145,5316,5315
8146,5267,5291
8147,5242,5242
8148,5242,5315
8149,5340,5217
8150,5266,5315
8151,5242,5266
8152,5316,5291
8153,5267,5267
8154,5316,5340
8155,5267,5242
8156,5267,5316
8157,5193,5218
8158,5217,5169
8159,5218,5242
8160,5340,5266
8161,5217,5242
8162,5266,5291
8163,5266,5218
8164,5291,5316
8165,5218,5267
8166,5267,5218
8167,5340,5340
8168,5364,5340
8169,5266,5340
8170,5242,5217
8171,5291,5291
8172,5242,5267
8173,5365,5340
8174,5267,5242
8175,5242,5291
8176,5193,5144
8177,5267,5242
8178,5291,5267
8179,5242,5267
8180,5267,5267
8181,5316,5316
8182,5267,5291
8183,5266,5340
8184,5683,5218
8185,5218,5609
8186,5242,5266
8187,5242,5168
8188,5291,5315
8189,5266,5266
8190,5266,5291
8191,5193,5193
8192,5340,5291
8193,5266,5316
8194,5291,5217
8195,5242,5267
8196,5217,5242
8197,5242,5242
8198,5217,5218
8199,5315,5340
8200,5291,5242
8201,5291,5340
8202,5315,5340
8203,5242,5218
8204,5340,5340
8205,5291,5291
8206,5218,5193
8207,5316,5340
8208,5316,5291
8209,5193,5266
8210,5291,5266
8211,5316,5242
8212,5291,5389
8213,5266,5217
8214,5291,5340
8215,5242,5267
8216,5340,5267
8217,5193,5242
8218,5267,5266
8219,5218,5193
8220,5267,5291
8221,5242,5217
8222,5291,5291
8223,5340,5340
8224,5291,5266
8225,5316,5364
8226,5267,5242
8227,5340,5340
8228,5242,5242
8229,5316,5315
8230,21976,5291
8231,5316,22025
8232,5242,5218
8233,5291,5267
8234,5316,5315
8235,5291,5266
8236,5316,5291
8237,5267,5291
8238,5267,5315
8239,5291,5291
8240,5217,5218
8241,5315,5291
8242,5291,5266
8243,5267,5291
8244,5316,5340
8245,5242,5217
8246,5414,5438
8247,5291,5267
8248,5315,5365
8249,5462,5291
8250,5634,5487
8251,5267,5536
8252,5267,5266
8253,5316,5365
8254,5267,5218
8255,5365,5340
8256,5610,5389
8257,5561,5683
8258,5242,5340
8259,5291,5242
8260,5266,5315
8261,5266,5266
8262,5291,5340
8263,5291,5218
8264,5340,5365
8265,5291,5267
8266,5340,5340
8267,5291,5315
8268,5217,5242
8269,5291,5291
8270,5267,5217
8271,5291,5315
8272,5291,5291
8273,5291,5242
8274,5340,5316
8275,5340,5414
8276,5168,5169
8277,5291,5291
8278,5340,5315
8279,5315,5315
8280,5266,5266
8281,5315,5340
8282,5242,5218
8283,5291,5291
8284,5218,5266
8285,5977,5462
8286,6540,7080
8287,6712,6247
8288,5634,6026
8289,6393,6100
8290,5364,5634
8291,5266,5291
8292,5316,5340
8293,5291,5291
8294,5242,5267
8295,5340,5316
8296,5217,5193
8297,5242,5266
8298,5291,5266
8299,5267,5315
8300,5316,5340
8301,5316,5242
8302,5218,5266
8303,5316,5291
8304,5218,5242
8305,5267,5266
8306,5291,5291
8307,5291,5267
8308,5291,5340
8309,5218,5217
8310,5316,5291
8311,5291,5291
8312,5291,5315
8313,5266,5291
8314,5266,5267
8315,5242,5193
8316,5316,5315
8317,5193,5217
8318,5315,5291
8319,5266,5291
8320,5291,5267
8321,5266,5291
8322,5242,5242
8323,5291,5316
8324,5266,5267
8325,5315,5291
8326,5291,5291
8327,5316,5340
8328,5291,5291
8329,5266,5267
8330,5242,5242
8331,5266,5291
8332,5242,5242
8333,5267,5242
8334,5316,5291
8335,5291,5291
8336,5242,5267
8337,5267,5266
8338,5291,5291
8339,5218,5242
8340,5340,5315
8341,5217,5217
8342,5364,5364
8343,5340,5315
8344,5291,5315
8345,5291,5315
8346,5291,5266
8347,5193,5217
8348,5291,5242
8349,5193,5218
8350,5267,5267
8351,5242,5291
8352,5291,5242
8353,5291,5316
8354,5242,5242
8355,5291,5291
8356,5365,5365
8357,5291,5316
8358,5364,5316
8359,5291,5316
8360,5218,5267
8361,5316,5291
8362,5242,5193
8363,5340,5340
8364,5291,5340
8365,5291,5291
8366,5242,5291
8367,5291,5218
8368,5266,5291
8369,5291,5315
8370,5316,5315
8371,5291,5266
8372,5291,5291
8373,5218,5218
8374,5267,5291
8375,5291,5291
8376,5291,5291
8377,5267,5242
8378,5291,5267
8379,5242,5291
8380,5316,5291
8381,5242,5267
8382,5217,5218
8383,5242,5242
8384,5267,5266
8385,5316,5315
8386,5242,5168
8387,5340,5389
8388,5193,5193
8389,5242,5266
8390,5316,5291
8391,5316,5291
8392,5242,5291
8393,5291,5266
8394,5218,5193
8395,5291,5316
8396,5291,5291
8397,5291,5291
8398,5316,5340
8399,5267,5266
8400,5316,5315
8401,5315,5291
8402,5291,5316
8403,5242,5242
8404,5266,5267
8405,5242,5242
8406,5316,5291
8407,5267,5242
8408,5316,5340
8409,5267,5267
8410,5340,5316
8411,5217,5267
8412,5266,5242
8413,5291,5340
8414,5291,5267
8415,5315,5291
8416,5315,5291
8417,5340,5364
8418,5291,5291
8419,5315,5316
8420,5242,5242
8421,5266,5242
8422,5340,5340
8423,5316,5316
8424,5316,5291
8425,5340,5315
8426,5291,5340
8427,5242,5267
8428,5242,5242
8429,5218,5193
8430,5267,5267
8431,5242,5242
8432,5315,5340
8433,5242,5218
8434,5291,5267
8435,5242,5316
8436,5291,5242
8437,5218,5291
8438,5291,5218
8439,5217,5267
8440,5266,5242
8441,5291,5291
8442,5291,5266
8443,5291,5315
8444,5242,5217
8445,5267,5315
8446,5291,5291
8447,5266,5267
8448,5315,5267
8449,5291,5291
8450,5169,5217
8451,5316,5315
8452,5193,5217
8453,5217,5217
8454,5242,5217
8455,5316,5316
8456,5218,5267
8457,5291,5218
8458,5340,5340
8459,5267,5291
8460,5242,5267
8461,5144,5218
8462,5340,5242
8463,5291,5266
8464,5365,5340
8465,5267,5315
8466,5291,5291
8467,5242,5218
8468,5267,5242
8469,5267,5315
8470,5316,5291
8471,5242,5267
8472,5340,5365
8473,5218,5218
8474,5340,5316
8475,5266,5316
8476,5266,5218
8477,5340,5365
8478,5218,5218
8479,5340,5365
8480,5291,5267
8481,5242,5242
8482,5291,5291
8483,5291,5291
8484,5217,5242
8485,5266,5242
8486,5217,5193
8487,5291,5316
8488,5218,5267
8489,5291,5242
8490,5291,5340
8491,5291,5267
8492,5266,5316
8493,5291,5267
8494,5316,5340
8495,5340,5266
8496,5291,5315
8497,5193,5242
8498,5242,5267
8499,5193,5169
8500,5291,5291
8501,5242,5242
8502,5266,5242
8503,5217,5267
8504,5315,5267
8505,5218,5267
8506,5218,5218
8507,5218,5193
8508,5242,5266
8509,5266,5242
8510,5266,5242
8511,5217,5291
8512,5266,5193
8513,5266,5315
8514,5291,5242
8515,5242,5267
8516,5242,5316
8517,5217,5193
8518,5193,5193
8519,5291,5267
8520,5193,5169
8521,5267,5291
8522,5242,5217
8523,5242,5291
8524,5316,5267
8525,5242,5242
8526,5291,5340
8527,5291,5291
8528,5242,5217
8529,5267,5266
8530,5291,5266
8531,5291,5267
8532,5316,5340
8533,5291,5242
8534,5266,5340
8535,5291,5266
8536,5291,5291
8537,5144,5193
8538,5291,5217
8539,5217,5242
8540,5315,5316
8541,5193,5218
8542,5267,5267
8543,5266,5267
8544,5193,5218
8545,5291,5291
8546,5291,5242
8547,5267,5340
8548,5291,5217
8549,5242,5291
8550,5242,5267
8551,5266,5267
8552,5242,5267
8553,5267,5242
8554,5144,5168
8555,5291,5266
8556,5218,5217
8557,5242,5217
8558,5193,5217
8559,5242,5242
8560,5315,5340
8561,5315,5291
8562,5291,5267
8563,5242,5267
8564,5266,5242
8565,5217,5291
8566,5340,5267
8567,5267,5267
8568,5267,5315
8569,5242,5168
8570,5242,5266
8571,5267,5242
8572,5291,5291
8573,5242,5266
8574,5242,5218
8575,5193,5193
8576,5291,5291
8577,5242,5218
8578,5218,5267
8579,5340,5316
8580,5242,5242
8581,5340,5364
8582,5315,5242
8583,5291,5340
8584,5316,5340
8585,5316,5267
8586,5217,5267
8587,5266,5242
8588,5193,5193
8589,5267,5291
8590,5315,5267
8591,5242,5291
8592,5193,5193
8593,5291,5291
8594,5218,5242
8595,5413,5340
8596,5266,5315
8597,5193,5242
8598,5316,5291
8599,5218,5217
8600,5316,5315
8601,5267,5217
8602,5291,5340
8603,5266,5267
8604,5267,5267
8605,5169,5242
8606,5267,5217
8607,5218,5242
8608,5291,5242
8609,5217,5217
8610,5266,5291
8611,5242,5193
8612,5242,5291
8613,5291,5266
8614,5291,5266
8615,5291,5340
8616,5242,5242
8617,5242,5266
8618,5266,5242
8619,5291,5267
8620,5242,5267
8621,5242,5217
8622,5242,5242
8623,5242,5242
8624,5267,5242
8625,5218,5267
8626,5218,5193
8627,5267,5266
8628,5193,5217
8629,5218,5193
8630,5169,5193
8631,5267,5291
8632,5291,5267
8633,5242,5218
8634,5340,5340
8635,5266,5217
8636,5291,5364
8637,5267,5217
8638,5267,5315
8639,5242,5266
8640,5315,5218
8641,5217,5316
8642,5218,5169
8643,5193,5218
8644,5266,5267
8645,5217,5218
8646,5242,5267
8647,5414,5340
8648,5242,5291
8649,5217,5242
8650,5291,5242
8651,5267,5266
8652,5316,5266
8653,5267,5291
8654,5316,5365
8655,5267,5267
8656,5340,5218
8657,5267,5365
8658,5267,5242
8659,5291,5340
8660,5242,5267
8661,5267,5193
8662,5193,5217
8663,5315,5291
8664,5266,5242
8665,5242,5340
8666,5267,5242
8667,5266,5266
8668,5291,5266
8669,5193,5242
8670,5340,5316
8671,5340,5316
8672,5340,5340
8673,5267,5291
8674,5242,5242
8675,5217,5242
8676,5315,5291
8677,5217,5193
8678,5242,5291
8679,5267,5266
8680,5365,5291
8681,5316,5365
8682,5218,5218
8683,5365,5365
8684,5340,5340
8685,5291,5291
8686,5316,5316
8687,5291,5316
8688,5364,5316
8689,5266,5316
8690,5242,5169
8691,5315,5340
8692,5266,5315
8693,5242,5242
8694,5267,5291
8695,5266,5266
8696,5315,5291
8697,5291,5340
8698,5267,5242
8699,5267,5291
8700,5291,5291
8701,5218,5218
8702,5316,5291
8703,5193,5218
8704,5364,5291
8705,5217,5291
8706,5266,5242
8707,5242,5291
8708,5267,5218
8709,5267,5267
8710,5242,5267
8711,5266,5266
8712,5291,5242
8713,5389,5389
8714,5218,5242
8715,5291,5316
8716,5315,5316
8717,5242,5242
8718,5267,5242
8719,5316,5291
8720,5267,5266
8721,5291,5340
8722,5193,5193
8723,5340,5291
8724,5315,5365
8725,5217,5218
8726,5315,5316
8727,5266,5242
8728,5389,5364
8729,5217,5266
8730,5266,5291
8731,5242,5267
8732,5267,5242
8733,5242,5242
8734,5291,5316
8735,5217,5144
8736,5340,5364
8737,5316,5315
8738,5267,5242
8739,5291,5365
8740,5242,5242
8741,5316,5315
8742,5315,5315
8743,5291,5291
8744,5340,5340
8745,5340,5340
8746,5218,5193
8747,5267,5291
8748,5193,5193
8749,5193,5218
8750,5316,5316
8751,5291,5242
8752,5291,5291
8753,5340,5315
8754,5267,5267
8755,5193,5267
8756,5291,5242
8757,5266,5266
8758,5340,5340
8759,5291,5291
8760,5413,5364
8761,5266,5315
8762,5242,5242
8763,5267,5291
8764,5291,5266
8765,5266,5266
8766,5315,5291
8767,5217,5242
8768,5364,5316
8769,5364,5389
8770,5315,5291
8771,5291,5316
8772,5291,5267
8773,5266,5291
8774,5266,5291
8775,5266,5193
8776,5315,5316
8777,5291,5291
8778,5169,5168
8779,5316,5291
8780,5218,5193
8781,5291,5291
8782,5291,5340
8783,5218,5217
8784,5340,5315
8785,5315,5364
8786,5291,5291
8787,5218,5242
8788,5316,5291
8789,5267,5267
8790,5267,5267
8791,5169,5218
8792,5340,5242
8793,5242,5291
8794,5340,5316
8795,5266,5291
8796,5266,5266
8797,5291,5340
8798,5316,5267
8799,5267,5267
8800,5291,5267
8801,5315,5365
8802,5291,5267
8803,5340,5340
8804,5242,5242
8805,5193,5242
8806,5266,5242
8807,5291,5267
8808,5242,5242
8809,5315,5291
8810,5291,5266
8811,5340,5365
8812,5193,5193
8813,5340,5315
8814,5291,5291
8815,5242,5242
8816,5364,5340
8817,5340,5315
8818,5291,5315
8819,5217,5242
8820,5266,5242
8821,5217,5266
8822,5364,5315
8823,5217,5193
8824,5315,5266
8825,5291,5340
8826,5316,5291
8827,5315,5364
8828,5217,5217
8829,5315,5340
8830,5364,5340
8831,5266,5291
8832,5242,5242
8833,5217,5193
8834,5266,5291
8835,5315,5364
8836,5217,5193
8837,5218,5218
8838,5267,5267
8839,5291,5266
8840,5242,5242
8841,5291,5316
8842,5291,5291
8843,5364,5266
8844,5193,5340
8845,5217,5218
8846,5316,5316
8847,5267,5242
8848,5316,5340
8849,5242,5267
8850,5291,5267
8851,5193,5218
8852,5242,5193
8853,5193,5242
8854,5315,5266
8855,5266,5266
8856,5315,5315
8857,5242,5242
8858,5365,5340
8859,5267,5315
8860,5217,5217
8861,5340,5340
8862,5316,5316
8863,5316,5340
8864,5291,5315
8865,5340,5266
8866,5267,5291
8867,5267,5267
8868,5242,5242
8869,5267,5315
8870,5291,5266
8871,5316,5315
8872,5316,5364
8873,5242,5217
8874,5340,5315
8875,5316,5340
8876,5242,5242
8877,5266,5267
8878,5193,5193
8879,5267,5266
8880,5340,5291
8881,5266,5242
8882,5266,5291
8883,5217,5218
8884,5267,5242
8885,5291,5315
8886,5291,5315
8887,5291,5291
8888,5364,5316
8889,5315,5316
8890,5291,5316
8891,5316,5340
8892,5291,5266
8893,5291,5291
8894,5218,5218
8895,5316,5291
8896,5267,5267
8897,5291,5291
8898,5266,5266
8899,5291,5266
8900,5193,5242
8901,5217,5242
8902,5217,5193
8903,5316,5316
8904,5316,5291
8905,5267,5266
8906,5365,5365
8907,5291,5291
8908,5266,5266
8909,5242,5266
8910,5291,5266
8911,5193,5242
8912,5340,5267
8913,5193,5242
8914,5266,5266
8915,5242,5218
8916,5316,5291
8917,5364,5413
8918,5291,5266
8919,5316,5340
8920,5340,5340
8921,5291,5291
8922,5267,5267
8923,5340,5340
8924,5193,5242
8925,5291,5267
8926,5266,5242
8927,5291,5266
8928,5291,5340
8929,5315,5291
8930,5266,5315
8931,5291,5242
8932,5315,5316
8933,5291,5291
8934,5316,5340
8935,5242,5242
8936,5364,5340
8937,5217,5217
8938,5242,5242
8939,5193,5193
8940,5315,5291
8941,5217,5242
8942,5242,5218
8943,5242,5267
8944,5291,5291
8945,5316,5315
8946,5291,5266
8947,5266,5266
8948,5291,5315
8949,5291,5291
8950,5315,5267
8951,5364,5389
8952,5217,5266
8953,5315,5291
8954,5217,5218
8955,5315,5267
8956,5242,5242
8957,5267,5242
8958,5169,5193
8959,5291,5291
8960,5315,5291
8961,5193,5169
8962,5340,5365
8963,5242,5218
8964,5365,5316
8965,5316,5340
8966,5291,5291
8967,5291,5291
8968,5316,5315
8969,5267,5242
8970,5267,5267
8971,5242,5242
8972,5291,5291
8973,5242,5291
8974,5242,5217
8975,5266,5266
8976,5315,5315
8977,5315,5340
8978,5291,5242
8979,5267,5267
8980,5242,5267
8981,5217,5218
8982,5266,5242
8983,5340,5291
8984,5487,5316
8985,5266,5512
8986,5266,5217
8987,5291,5291
8988,5266,5291
8989,5315,5291
8990,5242,5291
8991,5291,5340
8992,5315,5242
8993,5242,5291
8994,5291,5267
8995,5217,5218
8996,5315,5316
8997,5242,5218
8998,5267,5291
8999,5218,5242
9000,5267,5242
9001,5218,5193
9002,5267,5242
9003,5242,5242
9004,5266,5291
9005,5291,5242
9006,5218,5267
9007,5315,5291
9008,5315,5266
9009,5315,5365
9010,5340,5291
9011,5267,5266
9012,5242,5291
9013,5266,5267
9014,5242,5267
9015,5291,5267
9016,5168,5193
9017,5266,5242
9018,5193,5169
9019,5242,5267
9020,5217,5267
9021,5218,5169
9022,5267,5291
9023,5291,5291
9024,5340,5340
9025,5242,5266
9026,5315,5266
9027,5193,5217
9028,5389,5364
9029,5242,5218
9030,5242,5291
9031,5193,5193
9032,5266,5242
9033,5291,5291
9034,5242,5242
9035,5266,5267
9036,5266,5242
9037,5193,5266
9038,5267,5217
9039,5291,5266
9040,5389,5315
9041,5340,5462
9042,5217,5193
9043,5242,5267
9044,5291,5242
9045,5291,5315
9046,5217,5266
9047,5315,5266
9048,5193,5193
9049,5291,5291
9050,5242,5218
9051,5267,5291
9052,5218,5193
9053,5242,5291
9054,5340,5242
9055,5291,5315
9056,5291,5315
9057,5291,5266
9058,5242,5266
9059,5291,5291
9060,5315,5291
9061,5266,5267
9062,5340,5340
9063,5218,5218
9064,5389,5316
9065,5266,5291
9066,5266,5218
9067,5193,5242
9068,5316,5267
9069,5267,5291
9070,5291,5291
9071,5242,5217
9072,5340,5315
9073,5340,5340
9074,5242,5242
9075,5242,5291
9076,5316,5291
9077,5291,5315
9078,5291,5266
9079,5267,5242
9080,5316,5266
9081,5291,5316
9082,5168,5218
9083,5267,5242
9084,5267,5217
9085,5291,5340
9086,5217,5218
9087,5291,5267
9088,5266,5291
9089,5266,5242
9090,5291,5316
9091,5242,5267
9092,5315,5291
9093,5242,5266
9094,5267,5291
9095,5267,5242
9096,5291,5291
9097,5242,5218
9098,5267,5291
9099,5291,5291
9100,5217,5218
9101,5242,5242
9102,5267,5217
9103,5218,5266
9104,5291,5291
9105,5389,5389
9106,5242,5242
9107,5413,5389
9108,5266,5266
9109,5291,5291
9110,5242,5217
9111,5266,5291
9112,5266,5242
9113,5266,5291
9114,5168,5218
9115,5291,5242
9116,5291,5291
9117,5266,5267
9118,5364,5365
9119,5242,5291
9120,5340,5291
9121,5340,5291
9122,5291,5364
9123,5291,5266
9124,5218,5217
9125,5193,5242
9126,5365,5316
9127,5169,5242
9128,5291,5242
9129,5242,5218
9130,5340,5340
9131,5291,5266
9132,5267,5291
9133,5291,5340
9134,5315,5242
9135,5242,5266
9136,5340,5266
9137,5242,5315
9138,5267,5291
9139,5291,5242
9140,5217,5266
9141,5217,5242
9142,5217,5169
9143,5242,5291
9144,5168,5119
9145,5217,5217
9146,5193,5242
9147,5291,5242
9148,5242,5242
9149,5267,5242
9150,5218,5242
9151,5267,5291
9152,5267,5242
9153,5267,5291
9154,5389,5389
9155,5267,5267
9156,5267,5291
9157,5267,5242
9158,5291,5266
9159,5193,5266
9160,5316,5193
9161,5267,5340
9162,5291,5291
9163,5217,5218
9164,5316,5316
9165,5267,5242
9166,5242,5242
9167,5340,5315
9168,5365,5364
9169,5316,5364
9170,5291,5267
9171,5291,5291
9172,5267,5266
9173,5242,5266
9174,5267,5242
9175,5267,5316
9176,5316,5291
9177,5291,5266
9178,5266,5242
9179,5266,5267
9180,5291,5340
9181,5242,5217
9182,5266,5266
9183,5291,5315
9184,5291,5242
9185,5291,5315
9186,5316,5315
9187,5267,5217
9188,5316,5340
9189,5267,5267
9190,5242,5266
9191,5340,5315
9192,5340,5266
9193,5242,5315
9194,5267,5242
9195,5267,5267
9196,5316,5291
9197,5291,5315
9198,5266,5291
9199,5340,5316
9200,5340,5340
9201,5340,5340
9202,5267,5316
9203,5242,5193
9204,5242,5267
9205,5242,5218
9206,5266,5242
9207,5242,5291
9208,5610,5120
9209,5242,5732
9210,5315,5266
9211,5291,5266
9212,5267,5340
9213,5291,5242
9214,5291,5315
9215,5169,5217
9216,5414,5291
9217,5218,5267
9218,5267,5316
9219,5218,5193
9220,5291,5291
9221,5120,5120
9222,5316,5291
9223,5340,5365
9224,5266,5242
9225,5315,5364
9226,5266,5217
9227,5217,5242
9228,5242,5267
9229,5291,5242
9230,5291,5315
9231,5340,5315
9232,5266,5267
9233,5291,5291
9234,5193,5193
9235,5267,5242
9236,5267,5266
9237,5291,5291
9238,5291,5316
9239,5340,5316
9240,5242,5242
9241,5316,5340
9242,5316,5340
9243,5242,5217
9244,5291,5315
9245,5242,5193
9246,5291,5365
9247,5218,5242
9248,5267,5193
9249,5242,5291
9250,5291,5242
9251,5315,5340
9252,5266,5315
9253,5315,5242
9254,5315,5316
9255,5315,5316
9256,5266,5266
9257,5193,5266
9258,5316,5217
9259,5291,5315
9260,5291,5315
9261,5267,5266
9262,5242,5266
9263,5389,5340
9264,5218,5218
9265,5291,5316
9266,5266,5267
9267,5291,5267
9268,5291,5316
9269,5291,5267
9270,5315,5340
9271,5266,5291
9272,5315,5242
9273,5242,5291
9274,5365,5340
9275,5242,5266
9276,5364,5340
9277,5242,5169
9278,5267,5291
9279,5193,5193
9280,5242,5242
9281,5242,5242
9282,5242,5168
9283,5242,5291
9284,5291,5291
9285,5242,5242
9286,5242,5242
9287,5291,5291
9288,5291,5316
9289,5291,5316
9290,5291,5242
9291,5340,5340
9292,5242,5267
9293,5242,5242
9294,5218,5291
9295,5242,5169
9296,5144,5169
9297,5291,5242
9298,5218,5267
9299,5267,5316
9300,5316,5267
9301,5266,5291
9302,5217,5291
9303,5315,5242
9304,5315,5389
9305,5291,5242
9306,5291,5266
9307,5217,5266
9308,5315,5291
9309,5193,5218
9310,5316,5291
9311,5340,5315
9312,5217,5242
9313,5242,5193
9314,5218,5267
9315,5242,5242
9316,5340,5315
9317,5266,5291
9318,5217,5217
9319,5340,5291
9320,5218,5267
9321,5316,5291
9322,5291,5266
9323,5315,5364
9324,5291,5217
9325,5242,5315
9326,5291,5267
9327,5291,5242
9328,5193,5242
9329,5291,5217
9330,5242,5242
9331,5242,5291
9332,5266,5266
9333,5193,5193
9334,5291,5267
9335,5242,5242
9336,5267,5291
9337,5291,5218
9338,5315,5365
9339,5340,5340
9340,5267,5242
9341,5193,5217
9342,5242,5242
9343,5242,5242
9344,5267,5291
9345,5291,5267
9346,5291,5291
9347,5267,5242
9348,5291,5291
9349,5169,5242
9350,5291,5242
9351,5242,5291
9352,5365,5291
9353,5365,5389
9354,5242,5267
9355,5291,5291
9356,5218,5217
9357,5266,5315
9358,5266,5217
9359,5266,5315
9360,5291,5266
9361,5242,5242
9362,5217,5193
9363,5315,5315
9364,5266,5266
9365,5242,5291
9366,5291,5267
9367,5242,5267
9368,5242,5218
9369,5218,5217
9370,5267,5315
9371,5291,5193
9372,5266,5316
9373,5193,5218
9374,5340,5316
9375,5242,5291
9376,5267,5217
9377,5242,5242
9378,5242,5267
9379,5340,5315
9380,5242,5266
9381,5193,5193
9382,5291,5242
9383,5267,5315
9384,5291,5291
9385,5242,5267
9386,5267,5242
9387,5267,5242
9388,5242,5267
9389,5266,5267
9390,5242,5218
9391,5267,5291
9392,5267,5242
9393,5291,5316
9394,5242,5242
9395,5218,5217
9396,5193,5217
9397,5316,5291
9398,5267,5266
9399,5291,5315
9400,5266,5217
9401,5291,5291
9402,5242,5267
9403,5266,5267
9404,5266,5291
9405,5218,5193
9406,5316,5340
9407,5291,5266
9408,5266,5291
9409,5291,5291
9410,5315,5315
9411,5266,5266
9412,5266,5315
9413,5168,5144
9414,5266,5267
9415,5193,5193
9416,5218,5217
9417,5193,5193
9418,5266,5242
9419,5144,5193
9420,5266,5242
9421,5168,5218
9422,5242,5193
9423,5291,5291
9424,5315,5291
9425,5266,5315
9426,5242,5193
9427,5291,5315
9428,5315,5242
9429,5217,5242
9430,5242,5291
9431,5242,5193
9432,5242,5291
9433,5316,5242
9434,5193,5193
9435,5291,5315
9436,5291,5291
9437,5242,5267
9438,5316,5242
9439,5316,5315
9440,5218,5291
9441,5340,5316
9442,5242,5242
9443,5291,5266
9444,5291,5291
9445,5193,5218
9446,5315,5340
9447,5266,5217
9448,5315,5315
9449,5242,5242
9450,5267,5242
9451,5218,5291
9452,5267,5217
9453,5242,5266
9454,5266,5242
9455,5266,5267
9456,5266,5267
9457,5364,5340
9458,5193,5217
9459,5291,5315
9460,5266,5217
9461,5266,5340
9462,5389,5316
9463,5242,5242
9464,5217,5266
9465,5291,5266
9466,5218,5266
9467,5315,5291
9468,5168,5144
9469,5217,5266
9470,5242,5217
9471,5267,5266
9472,5242,5266
9473,5266,5217
9474,5266,5340
9475,5291,5267
9476,5242,5218
9477,5193,5267
9478,5266,5218
9479,5242,5267
9480,5267,5267
9481,5242,5169
9482,5291,5340
9483,5316,5291
9484,5218,5242
9485,5218,5218
9486,5242,5218
9487,5193,5218
9488,5315,5316
9489,5168,5193
9490,5266,5242
9491,5242,5193
9492,5267,5315
9493,5267,5291
9494,5340,5291
9495,5242,5291
9496,5291,5242
9497,5267,5315
9498,5316,5364
9499,5316,5266
9500,5316,5340
9501,5291,5242
9502,5168,5217
9503,5291,5291
9504,5291,5242
9505,5315,5291
9506,5217,5267
9507,5291,5267
9508,5242,5316
9509,5217,5218
9510,5291,5218
9511,5218,5291
9512,5291,5242
9513,5217,5218
9514,5291,5267
9515,5242,5218
9516,5266,5365
9517,5315,5291
9518,5242,5242
9519,5242,5267
9520,5242,5193
9521,5119,5168
9522,5291,5242
9523,5193,5217
9524,5291,5291
9525,5242,5218
9526,5217,5291
9527,5291,5266
9528,5242,5242
9529,5266,5291
9530,5217,5168
9531,5315,5315
9532,5266,5315
9533,5291,5242
9534,5218,5267
9535,5340,5316
9536,5364,5316
9537,5193,5267
9538,5267,5218
9539,5291,5291
9540,5291,5291
9541,5218,5217
9542,5267,5242
9543,5340,5365
9544,5315,5242
9545,5242,5340
9546,5242,5218
9547,5266,5267
9548,5413,5389
9549,5242,5242
9550,5242,5291
9551,5242,5217
9552,5340,5266
9553,5266,5340
9554,5217,5218
9555,5291,5291
9556,5291,5266
9557,5242,5266
9558,5266,5266
9559,5315,5315
9560,5291,5267
9561,5218,5267
9562,5315,5267
9563,5266,5340
9564,5340,5291
9565,5217,5267
9566,5315,5316
9567,5291,5291
9568,5193,5193
9569,5364,5389
9570,5168,5144
9571,5315,5291
9572,5217,5217
9573,5266,5242
9574,5217,5267
9575,5315,5242
9576,5266,5266
9577,5315,5291
9578,5266,5291
9579,5217,5291
9580,5315,5217
9581,5193,5217
9582,5291,5315
9583,5266,5242
9584,5340,5316
9585,5218,5242
9586,5267,5242
9587,5242,5267
9588,5242,5217
9589,5218,5242
9590,5291,5267
9591,5217,5193
9592,5315,5291
9593,5315,5365
9594,5193,5193
9595,5340,5364
9596,5242,5193
9597,5218,5291
9598,5291,5266
9599,5291,5242
9600,5291,5291
9601,5315,5315
9602,5266,5267
9603,5217,5242
9604,5242,5193
9605,5218,5267
9606,5242,5218
9607,5291,5291
9608,5291,5266
9609,5340,5315
9610,5267,5315
9611,5267,5242
9612,5291,5291
9613,5193,5242
9614,5267,5193
9615,5242,5267
9616,5340,5340
9617,5242,5217
9618,5291,5291
9619,5340,5340
9620,5217,5217
9621,5217,5242
9622,5291,5266
9623,5193,5217
9624,5365,5291
9625,5267,5340
9626,5291,5315
9627,5291,5266
9628,5316,5266
9629,5291,5340
9630,5266,5242
9631,5266,5315
9632,5315,5266
9633,5291,5291
9634,5193,5218
9635,5266,5267
9636,5217,5218
9637,5242,5291
9638,5291,5193
9639,5217,5267
9640,5389,5340
9641,5316,5315
9642,5316,5340
9643,5340,5316
9644,5266,5291
9645,5217,5291
9646,5315,5242
9647,5242,5242
9648,5340,5266
9649,5193,5266
9650,5267,5291
9651,5316,5242
9652,5267,5291
9653,5242,5242
9654,5266,5267
9655,5168,5242
9656,5413,5266
9657,5217,5266
9658,5266,5291
9659,5266,5267
9660,5218,5242
9661,5242,5217
9662,5266,5242
9663,5315,5340
9664,5291,5315
9665,5242,5266
9666,5267,5266
9667,5242,5217
9668,5193,5193
9669,5218,5242
9670,5193,5193
9671,5291,5291
9672,5315,5267
9673,5315,5340
9674,5168,5217
9675,5267,5193
9676,5291,5340
9677,5193,5242
9678,5316,5291
9679,5218,5266
9680,5316,5217
9681,5242,5291
9682,5291,5291
9683,5291,5291
9684,5242,5267
9685,5291,5242
9686,5266,5291
9687,5291,5291
9688,5316,5266
9689,5242,5315
9690,5315,5266
9691,5242,5242
9692,5267,5291
9693,5291,5291
9694,5266,5267
9695,5365,5340
9696,5267,5266
9697,5316,5364
9698,5218,5193
9699,5291,5291
9700,5242,5291
9701,5218,5169
9702,5218,5267
9703,5316,5291
9704,5316,5291
9705,5291,5267
9706,5242,5267
9707,5242,5242
9708,5340,5340
9709,5340,5315
9710,5291,5315
9711,5316,5291
9712,5291,5291
9713,5242,5291
9714,5291,5267
9715,5218,5242
9716,5365,5389
9717,5242,5218
9718,5266,5267
9719,5193,5193
9720,5316,5242
9721,5291,5340
9722,5266,5267
9723,5291,5267
9724,5218,5267
9725,5267,5193
9726,5242,5266
9727,5340,5291
9728,5267,5267
9729,5267,5316
9730,5242,5218
9731,5291,5291
9732,5340,5291
9733,5242,5267
9734,5242,5291
9735,5315,5266
9736,5266,5266
9737,5291,5291
9738,5218,5218
9739,5267,5291
9740,5340,5340
9741,5217,5242
9742,5365,5315
9743,5242,5242
9744,5266,5316
9745,5291,5340
9746,5242,5193
9747,5267,5267
9748,5267,5267
9749,5242,5242
9750,5291,5291
9751,5340,5315
9752,5291,5291
9753,5316,5316
9754,5267,5242
9755,5316,5340
9756,5364,5340
9757,5242,5267
9758,5267,5267
9759,5291,5291
9760,5242,5291
9761,5389,5365
9762,5267,5267
9763,5267,5291
9764,5267,5291
9765,5218,5168
9766,5340,5340
9767,5291,5291
9768,5340,5315
9769,5193,5242
9770,5267,5218
9771,5267,5242
9772,5242,5291
9773,5193,5193
9774,5316,5291
9775,5267,5267
9776,5242,5242
9777,5217,5218
9778,5242,5217
9779,5217,5266
9780,5315,5266
9781,5242,5266
9782,5267,5291
9783,5218,5193
9784,5340,5291
9785,5340,5365
9786,5218,5218
9787,5365,5365
9788,5291,5291
9789,5340,5315
9790,5267,5315
9791,5291,5242
9792,5266,5316
9793,5315,5291
9794,5266,5266
9795,5315,5291
9796,5266,5316
9797,5266,5267
9798,5340,5340
9799,5340,5291
9800,5315,5365
9801,5315,5291
9802,5315,5315
9803,5242,5242
9804,5315,5316
9805,5242,5242
9806,5340,5364
9807,5291,5291
9808,5316,5316
9809,5291,5291
9810,5217,5217
9811,5413,5414
9812,5315,5267
9813,5291,5316
9814,5218,5267
9815,5316,5266
9816,5316,5315
9817,5340,5315
9818,5169,5193
9819,5291,5291
9820,5315,5315
9821,5242,5242
9822,5340,5316
9823,5291,5316
9824,5291,5315
9825,5242,5217
9826,5242,5242
9827,5242,5218
9828,5291,5291
9829,5217,5266
9830,5340,5315
9831,5217,5217
9832,5291,5291
9833,5169,5169
9834,5291,5291
9835,5291,5315
9836,5267,5242
9837,5242,5267
9838,5291,5316
9839,5266,5267
9840,5291,5267
9841,5315,5340
9842,5242,5266
9843,5365,5340
9844,5316,5340
9845,5267,5266
9846,5267,5266
9847,5267,5217
9848,5267,5291
9849,5340,5340
9850,5315,5266
9851,5315,5364
9852,5217,5217
9853,5266,5242
9854,5291,5364
9855,5316,5217
9856,5267,5315
9857,5242,5217
9858,5266,5291
9859,5193,5218
9860,5291,5267
9861,5242,5267
9862,5291,5267
9863,5169,5193
9864,5291,5291
9865,5266,5218
9866,5291,5291
9867,5365,5365
9868,5267,5267
9869,5242,5267
9870,5217,5218
9871,5266,5267
9872,5315,5316
9873,5364,5340
9874,5291,5242
9875,5340,5389
9876,5266,5266
9877,5266,5267
9878,5315,5291
9879,5291,5266
9880,5218,5266
9881,5340,5315
9882,5266,5266
9883,5340,5389
9884,5266,5242
9885,5217,5242
9886,5266,5267
9887,5242,5218
9888,5340,5340
9889,5217,5168
9890,5291,5315
9891,5242,5291
9892,5291,5267
9893,5267,5267
9894,5267,5267
9895,5218,5242
9896,5316,5315
9897,5218,5242
9898,5365,5267
9899,5316,5365
9900,5267,5217
9901,5316,5364
9902,5266,5266
9903,5315,5315
9904,5291,5291
9905,5267,5242
9906,5242,5291
9907,5340,5291
9908,5242,5267
9909,5291,5316
9910,5291,5267
9911,5291,5291
9912,5242,5291
9913,5315,5242
9914,5266,5340
9915,5315,5316
9916,5217,5218
9917,5291,5267
9918,5340,5340
9919,5242,5242
9920,5291,5316
9921,5217,5193
9922,5291,5291
9923,5266,5316
9924,5266,5242
9925,5291,5315
9926,5316,5291
9927,5218,5242
9928,5267,5266
9929,5267,5242
9930,5267,5266
9931,5364,5389
9932,5218,5193
9933,5291,5340
9934,5266,5267
9935,5291,5267
9936,5316,5340
9937,5267,5217
9938,5267,5291
9939,5316,5291
9940,5316,5291
9941,5218,5266
9942,5242,5242
9943,5291,5267
9944,5267,5291
9945,5193,5193
9946,5291,5291
9947,5315,5315
9948,5291,5315
9949,5267,5291
9950,5365,5316
9951,5169,5218
9952,5365,5267
9953,5169,5242
9954,5316,5267
9955,5365,5340
9956,5316,5291
9957,5242,5291
9958,5291,5267
9959,5316,5316
9960,5316,5316
9961,5291,5291
9962,5315,5315
9963,5291,5315
9964,5291,5291
9965,5316,5316
9966,5316,5340
9967,5316,5291
9968,5267,5291
9969,5291,5242
9970,5266,5291
9971,5291,5315
9972,5242,5242
9973,5266,5267
9974,5267,5267
9975,5267,5267
9976,5389,5389
9977,5266,5266
9978,5364,5340
9979,5291,5340
9980,5291,5266
9981,5217,5266
9982,5242,5193
9983,5242,5242
9984,5315,5315
9985,5217,5217
9986,5291,5267
9987,5365,5389
9988,5291,5242
9989,5291,5316
9990,5267,5291
9991,5291,5291
9992,5340,5316
9993,5316,5291
9994,5242,5266
9995,5315,5291
9996,5242,5242
9997,5267,5267
9998,5242,5267
9999,5315,5267
